48	-10.0
96	13.050018310546875
142	1.0
190	1.5
231	18.10001277923584
281	-0.5
326	1.0
385	16.55002784729004
428	15.450014114379883
474	6.300017356872559
522	5.5
562	17.000012397766113
607	7.0
648	16.150012969970703
686	16.600010871887207
734	1.5
771	5.0
833	16.600029945373535
882	4.5
929	14.950017929077148
977	1.0
1020	15.000014305114746
1069	14.200018882751465
1133	2.5
1203	5.5
1251	1.5
1293	-3.0
1342	8.0
1390	8.650018692016602
1437	-3.0
1491	12.800023078918457
1541	14.500020027160645
1603	21.1500301361084
1641	3.600010871887207
1687	13.850017547607422
1732	15.100016593933105
1772	2.3500118255615234
1813	5.5
1862	3.8500194549560547
1906	10.950016021728516
1951	7.0
1995	12.850015640258789
2037	16.500014305114746
2084	11.950017929077148
2125	17.350013732910156
2173	6.550018310546875
2217	-1.0
2266	8.0
2315	0.5
2363	-1.5
2409	0.5
2457	1.0
2506	15.750019073486328
2550	-5.0
2597	10.0
2644	20.850017547607422
2711	1.0
2760	3.0
2803	2.0
2844	2.5
2891	7.0
2934	0.5
2998	13.0
3043	12.050016403198242
3091	-5.0
3140	7.5
3189	1.0
3232	14.000014305114746
3296	5.5
3335	8.650012969970703
3377	5.5
3415	9.050010681152344
3470	19.700024604797363
3519	9.750019073486328
3560	15.450014114379883
3605	15.100016593933105
3652	8.0
3697	9.700016975402832
3741	9.850015640258789
3787	10.0
3828	8.5
3874	12.350017547607422
3916	4.700013160705566
3963	4.300017356872559
4021	37.54979705810547
4063	12.55001449584961
4112	3.0
4161	7.150018692016602
4210	5.5
4248	9.5
4296	-2.5
4328	5.400006294250488
4377	11.250019073486328
4425	11.050018310546875
4466	9.800013542175293
4538	24.750038146972656
4585	10.850017547607422
4633	-3.5
4677	4.5
4725	0.0
4773	6.500018119812012
4822	7.0
4865	11.850015640258789
4907	16.05001449584961
4950	7.0
4999	0.5
5048	10.200018882751465
5096	6.900017738342285
5146	12.0
5208	7.0
5276	5.5
5335	15.850027084350586
5373	5.5
5416	16.750015258789062
5459	3.0
5507	19.1500186920166
5555	-0.5
5600	9.200016975402832
5668	5.5
5714	5.5
5768	8.0
5816	16.00001811981201
5861	13.000016212463379
5909	20.60001850128174
5950	19.0
5992	10.950014114379883
6049	19.800026893615723
6093	1.5
6141	4.700018882751465
6209	23.300036430358887
6273	8.0
6321	14.200018882751465
6383	10.5
6427	-4.0
6475	8.5
6523	6.700018882751465
6567	-1.5
6611	21.750015258789062
6658	14.100018501281738
6707	11.5
6771	4.5
6819	10.150018692016602
6882	17.250030517578125
6918	7.300009727478027
6961	-4.0
7005	15.750015258789062
7051	5.750017166137695
7094	2.5
7137	1.5
7200	10.0
7248	8.0
7294	15.800017356872559
7339	8.500016212463379
7382	4.650014877319336
7430	15.700018882751465
7474	5.5
7517	12.000014305114746
7569	6.5
7612	12.950014114379883
7671	11.0
7720	-2.5
7757	19.950010299682617
7802	-1.5
7851	20.400019645690918
7897	17.95001792907715
7946	0.5
8001	23.00003147125244
8049	6.0
8097	7.0
8145	5.0
8188	8.000014305114746
8250	34.70003032684326
8300	2.5
8361	23.300028800964355
8405	-4.0
8463	12.0
8512	14.750019073486328
8560	11.0
8601	5.10001277923584
8640	4.000012397766113
8708	2.5
8750	-0.5
8791	6.5
8828	13.0
8871	4.5
8915	12.0
8961	14.900017738342285
9009	21.350017547607422
9050	8.850013732910156
9085	7.850009918212891
9149	27.50003147125244
9193	17.85001564025879
9239	11.5
9286	7.400017738342285
9360	2.0
9405	1.5
9448	20.7000150680542
9484	12.900010108947754
9529	3.0
9575	10.0
9620	13.5
9677	20.45002555847168
9740	22.30003070831299
9786	9.100016593933105
9826	14.5
9872	11.5
9915	4.0
9962	-0.5
10003	20.350013732910156
10063	12.5
10104	9.0
10145	16.150012969970703
10192	4.5
10249	5.0
10288	16.95001220703125
10330	12.500014305114746
10386	19.95002555847168
10450	4.0
10489	21.45001220703125
10537	9.850019454956055
10581	21.950016021728516
10638	19.000025749206543
10681	9.5
10723	-4.5
10769	16.45001792907715
10815	16.5
10870	23.5
10922	6.0
10965	2.0
11052	24.25000762939453
11096	7.5
11142	6.0
11201	21.40002727508545
11248	11.0
11311	5.0
11358	3.0
11417	17.5
11466	-1.5
11513	22.00001811981201
11598	9.0
11659	24.050029754638672
11702	1.0
11761	20.0
11805	4.450016021728516
11842	3.5
11888	5.200016975402832
11950	23.750030517578125
11994	8.000014305114746
12001	18.00003147125244
12034	16.650007247924805
12098	10.5
12137	10.650012969970703
12186	11.0
12249	20.0
12309	23.5
12361	7.5
12405	15.0
12446	19.55001449584961
12494	10.0
12534	4.5
12609	25.450040817260742
12655	22.250017166137695
12719	2.5
12761	3.5
12808	3.5
12865	10.5
12914	10.0
12951	0.0
12994	13.5
13031	9.0
13073	9.0
13133	17.35002899169922
13186	19.900023460388184
13227	9.0
13274	1.5
13323	3.0
13362	6.5
13427	10.5
13468	18.850013732910156
13516	1.5
13559	-0.5
13600	12.550012588500977
13640	9.0
13705	9.0
13745	12.200013160705566
13787	9.0
13835	11.5
13893	16.0
13951	20.150026321411133
13999	-0.5
14058	6.5
14123	4.0
14168	1.0
14218	2.5
14259	15.0
14308	0.0
14372	13.0
14413	16.5
14479	8.0
14522	4.0
14569	1.5
14631	4.0
14687	9.5
14751	21.050031661987305
14798	4.5
14840	14.950014114379883
14904	25.00003147125244
14946	4.5
15001	14.350025177001953
15046	11.950017929077148
15111	0.0
15170	5.5
15213	7.0
15254	12.25001335144043
15316	11.5
15369	7.5
15427	7.5
15465	7.5
15504	10.5
15558	6.0
15620	11.0
15667	11.5
15750	27.30002212524414
15792	3.0
15844	17.5
15889	-1.0
15932	1.0
15976	5.0
16001	14.150020599365234
16059	9.5
16123	11.0
16168	22.65001678466797
16216	13.600018501281738
16260	7.5
16317	7.0
16365	2.0
16421	4.0
16483	35.250030517578125
16549	17.400032997131348
16602	18.5
16667	-2.0
16710	6.0
16759	14.350019454956055
16808	10.0
16871	11.5
16927	30.45002555847168
16991	17.600031852722168
17074	28.750022888183594
17119	8.5
17166	4.0
17212	-2.5
17272	10.0
17317	-1.5
17375	16.5
17417	8.0
17478	34.950029373168945
17527	4.5
17576	2.5
17617	18.650012969970703
17683	16.75003433227539
17730	4.5
17785	17.5
17831	10.0
17889	16.000027656555176
17951	14.550031661987305
18003	3.5
18061	19.300026893615723
18122	15.300028800964355
18171	4.0
18233	9.0
18281	4.5
18329	22.60001850128174
18375	24.350017547607422
18437	15.650030136108398
18638	9.5
18686	10.5
18751	20.5
18809	20.75002670288086
18858	1.5
18922	9.0
18971	24.80001926422119
19019	8.750019073486328
19086	23.350034713745117
19146	20.400029182434082
19208	3.0
19254	16.5
19313	17.650028228759766
19373	8.5
19426	9.0
19468	19.2000150680542
19518	4.5
19577	22.850027084350586
19639	18.5
19706	3.5
19747	12.0
19800	10.5
19849	12.0
19907	10.0
19968	23.450029373168945
20001	11.650016784667969
20048	-0.5
20099	6.5
20151	16.0
20210	8.5
20255	23.80001735687256
20294	9.0
20353	22.650028228759766
20417	12.5
20461	9.5
20502	12.450014114379883
20570	1.0
20619	10.450019836425781
20665	12.0
20703	7.0
20761	6.5
20815	17.600024223327637
20874	23.850027084350586
20912	-0.5
20952	21.10001277923584
21013	15.5
21069	30.350025177001953
21116	15.0
21161	4.5
21215	34.00002384185791
21264	8.050020217895508
21328	24.550031661987305
21392	13.5
21435	17.450014114379883
21484	17.5
21530	9.900017738342285
21593	12.0
21636	5.5
21695	22.300026893615723
21753	7.0
21801	5.5
21865	17.5
21928	19.900031089782715
21971	1.0
22014	16.05001449584961
22060	9.0
22118	8.5
22182	31.100031852722168
22246	13.5
22288	10.5
22345	7.5
22397	5.5
22456	10.5
22505	25.750019073486328
22559	22.0
22619	4.5
22676	14.5
22756	6.5
22818	7.0
22880	6.0
22920	17.700013160705566
22982	15.700030326843262
23031	5.0
23094	9.0
23147	10.0
23195	4.0
23236	5.4000139236450195
23272	13.250009536743164
23343	4.5
23392	2.5
23433	3.5
23475	8.5
23520	19.200016975402832
23567	-0.5
23658	8.5
23721	22.050031661987305
23794	22.050039291381836
23839	7.5
23882	12.7000150680542
23940	11.5
23977	8.5
24001	18.000027656555176
24043	7.0
24096	8.0
24145	7.5
24247	19.0
24286	11.5
24335	9.300019264221191
24388	22.0
24432	13.0
24473	23.500014305114746
24524	-1.0
24581	23.75002670288086
24617	4.0
24682	9.0
24747	18.050033569335938
24811	8.0
24857	11.5
24897	5.5
24942	12.100016593933105
24990	15.800019264221191
25055	7.0
25095	15.45001220703125
25141	6.5
25186	3.0
25223	8.5
25277	20.5
25333	26.45002555847168
25383	1.0
25447	27.100031852722168
25489	11.750015258789062
25538	6.5
25598	9.0
25657	22.950027465820312
25719	29.100029945373535
25780	12.0
25823	4.5
25885	6.0
25947	18.750030517578125
25996	21.850019454956055
26040	5.5
26094	18.0
26140	19.750017166137695
26205	16.0
26250	3.0
26293	6.0
26336	5.5
26385	3.0
26433	10.5
26474	18.75001335144043
26537	21.550031661987305
26600	7.5
26802	8.0
26859	19.5
26946	9.5
26982	11.35000991821289
27028	4.5
27082	19.00002384185791
27143	14.5
27193	16.900019645690918
27236	5.5
27279	6.5
27344	19.0
27394	5.0
27451	11.5
27508	19.300026893615723
27550	19.000014305114746
27611	34.300028800964355
27674	13.5
27722	15.650018692016602
27923	6.5
27971	13.5
28001	16.700020790100098
28046	10.5
28105	11.0
28167	9.5
28231	10.5
28295	11.0
28364	7.5
28427	16.450031280517578
28485	17.0
28534	6.0
28594	22.650028228759766
28654	21.300028800964355
28802	43.0498046875
28858	19.800026893615723
28923	23.95003318786621
28983	19.35002899169922
29042	23.650028228759766
29088	6.0
29147	26.0
29186	16.350011825561523
29243	19.0
29302	19.950027465820312
29361	25.500027656555176
29404	7.0
29446	11.150014877319336
29495	11.800019264221191
29547	21.05002212524414
29603	10.0
29665	4.5
29712	3.5
29777	11.5
29838	17.0
29893	20.750024795532227
29939	-2.0
29978	13.250011444091797
30025	11.500018119812012
30085	10.5
30131	16.5
30174	19.450016021728516
30227	20.900023460388184
30288	8.5
30344	11.5
30387	10.5
30450	41.050031661987305
30519	18.250036239624023
30576	7.5
30620	6.0
30683	22.35003089904785
30733	17.75002098083496
30798	29.80003261566162
30900	6.0
30949	5.0
30987	4.0
31057	0.5
31110	13.5
31147	9.0
31207	8.5
31267	14.0
31314	20.10001850128174
31373	6.0
31423	9.0
31487	36.550031661987305
31546	30.90002727508545
31591	3.5
31651	9.5
31695	4.5
31753	29.450027465820312
31796	9.0
31834	16.350011825561523
31883	5.5
31942	27.000027656555176
32001	24.100029945373535
32043	24.950014114379883
32107	31.250032424926758
32184	22.85004234313965
32244	7.0
32299	7.5
32345	12.0
32383	10.5
32437	8.0
32495	20.40002727508545
32542	1.0
32601	17.100028038024902
32635	20.50001049041748
32678	11.0
32727	3.5
32771	4.0
32835	13.5
32899	6.0
32960	21.450029373168945
33021	34.950029373168945
33070	4.5
33118	7.0
33164	-0.5
33206	21.40001392364502
33254	20.1500186920166
33300	16.30001735687256
33359	15.950027465820312
33410	20.0
33475	26.750032424926758
33520	3.0
33721	7.5
33784	26.5
33846	25.30003070831299
34047	54.7496337890625
34112	11.0
34148	14.150009155273438
34213	18.0
34254	-3.0
34314	34.70002841949463
34360	21.0
34419	16.600028038024902
34475	23.5
34520	19.750017166137695
34581	7.0
34654	5.5
34715	5.5
34816	20.5
34908	15.5
34949	18.850013732910156
34991	6.5
35192	10.5
35254	19.1500301361084
35300	7.5
35360	20.5
35408	16.0
35454	3.0
35514	24.85002899169922
35575	39.05002975463867
35620	9.0
35663	4.0
35723	20.250028610229492
35788	12.5
35847	40.800028800964355
35891	19.35001564025879
35952	4.5
36001	26.150026321411133
36071	4.0
36112	10.0
36171	10.0
36211	9.200013160705566
36274	30.450031280517578
36337	29.20003032684326
36393	9.5
36452	6.0
36513	38.55002975463867
36575	11.0
36621	17.80001735687256
36670	15.450019836425781
36737	21.0
36790	30.85002326965332
36847	22.150026321411133
36913	13.0
36971	13.5
37014	15.800015449523926
37052	16.600010871887207
37117	11.5
37161	1.5
37222	16.0
37277	6.0
37342	31.750032424926758
37397	13.5
37459	22.0
37518	9.0
37576	25.0
37625	5.5
37683	35.30002689361572
37728	2.5
37780	32.80002307891846
37843	20.050031661987305
37908	13.0
37966	34.000027656555176
38016	4.0
38070	16.600024223327637
38126	20.95002555847168
38184	11.5
38228	14.2000150680542
38289	30.50002956390381
38348	22.20003032684326
38405	25.500025749206543
38470	11.5
38530	10.0
38590	22.5
38652	43.80003070831299
38701	9.0
38777	26.150041580200195
38820	18.650014877319336
38885	26.250032424926758
38939	17.750024795532227
38990	19.90002155303955
39051	17.0
39107	7.0
39165	18.200026512145996
39234	23.250036239624023
39276	9.0
39340	22.00003147125244
39403	9.0
39445	7.5
39485	15.150012969970703
39545	22.0
39599	20.5
39660	12.0
39723	10.5
39786	17.050031661987305
39835	0.0
39892	20.25002670288086
39941	23.30001926422119
40001	21.100035667419434
40046	10.300017356872559
40093	18.400017738342285
40152	17.5
40210	24.000027656555176
40274	21.00003147125244
40335	17.5
40391	15.0
40454	27.20003032684326
40517	5.0
40581	13.5
40644	31.100031852722168
40703	17.0
40761	23.450027465820312
40825	22.5
40880	11.0
40929	13.0
40973	10.5
41033	18.0
41092	30.70002841949463
41143	4.0
41207	13.5
41280	23.6000394821167
41342	16.5
41404	10.5
41467	15.5
41524	10.5
41574	3.0
41633	22.800026893615723
41694	23.00002956390381
41741	16.0
41801	11.5
41862	27.50002956390381
41928	46.1000337600708
41983	8.5
42045	25.600029945373535
42093	2.0
42139	12.0
42196	20.800026893615723
42259	15.400031089782715
42318	16.0
42361	11.5
42418	34.30002689361572
42459	8.90001392364502
42517	22.300026893615723
42575	9.0
42627	7.0
42682	18.0
42745	6.0
42807	12.0
42869	26.5
42930	25.600029945373535
42990	34.05002784729004
43055	5.0
43100	3.5
43159	11.0
43206	18.95001983642578
43267	37.100029945373535
43312	0.0
43374	39.750030517578125
43419	7.5
43477	15.0
43541	23.550031661987305
43588	-1.0
43646	39.700026512145996
43705	10.0
43785	3.0
43855	31.50003719329834
43917	48.00002956390381
43980	17.5
44001	9.700013160705566
44063	17.5
44110	16.0
44164	5.5
44213	12.0
44267	22.0
44313	-0.5
44353	5.0
44408	28.1500244140625
44443	16.950008392333984
44506	18.400031089782715
44564	10.0
44612	10.0
44675	15.0
44736	13.5
44797	9.5
44858	30.1500301361084
44908	10.5
44967	30.850027084350586
45009	13.5
45073	11.5
45136	5.0
45196	38.6000280380249
45247	21.0
45296	9.0
45340	6.5
45405	46.90003299713135
45471	15.5
45533	10.5
45596	12.0
45656	31.250028610229492
45711	5.5
45774	20.0
45832	33.65002632141113
45887	13.5
45950	15.5
46011	18.050029754638672
46072	32.950029373168945
46114	18.90001392364502
46178	17.5
46242	23.0
46443	15.0
46486	20.600014686584473
46540	11.0
46608	7.5
46664	19.0
46722	21.0
46765	11.600014686584473
46828	17.5
46890	19.20003032684326
46955	25.5
47023	19.600035667419434
47083	29.55002784729004
47142	8.0
47196	21.5
47258	14.0
47311	27.450023651123047
47358	20.30001735687256
47424	26.400032997131348
47478	10.5
47539	21.85002899169922
47601	48.80003070831299
47665	25.5
47729	22.0
47778	7.0
47825	15.5
47889	11.0
47943	19.600024223327637
48001	38.800028800964355
48065	12.5
48126	42.450029373168945
48171	13.5
48218	12.0
48277	31.600028038024902
48342	11.5
48405	23.1500301361084
48462	25.300026893615723
48499	8.5
48555	21.5
48616	24.600029945373535
48680	21.900031089782715
48740	43.85002899169922
48795	18.550024032592773
48856	17.0
48900	6.5
48965	8.5
49020	33.85002517700195
49077	22.150026321411133
49136	27.600028038024902
49201	12.0
49256	12.0
49319	22.400031089782715
49379	22.5
49439	37.85002899169922
49502	25.80003070831299
49539	7.0
49581	6.5
49645	18.0
49712	6.0
49757	3.0
49958	4.5
50026	20.600035667419434
50087	13.0
50146	36.500027656555176
50206	19.5
50250	3.5
50314	30.600031852722168
50373	16.5
50432	33.000027656555176
50489	9.5
50558	2.5
50598	9.0
50661	12.0
50708	13.300017356872559
50768	34.6000280380249
50831	26.80003070831299
50889	13.5
50947	10.5
51006	19.0
51069	21.20003032684326
51270	14.0
51345	37.000041007995605
51404	30.000027656555176
51455	5.0
51656	19.5
51696	18.10001277923584
51765	13.5
51825	46.800028800964355
51888	46.60003185272217
51953	13.5
52001	24.35002899169922
52064	11.0
52105	17.150012969970703
52168	18.0
52226	27.700026512145996
52294	35.0
52350	31.10002613067627
52405	26.5
52460	18.200024604797363
52522	26.70003032684326
52586	25.050031661987305
52648	14.5
52711	15.5
52769	10.0
52830	19.0
52893	40.95003128051758
52952	27.600028038024902
53011	17.0
53075	45.050031661987305
53133	19.40002727508545
53193	40.25002861022949
53249	24.60002613067627
53298	5.0
53357	16.5
53411	30.35002326965332
53464	33.400023460388184
53503	15.900012016296387
53565	36.70003032684326
53631	11.0
53674	19.150014877319336
53741	42.150033950805664
53822	24.00002670288086
53871	22.400019645690918
53921	10.5
53986	17.30003261566162
54043	24.5
54107	35.700032234191895
54164	20.5
54230	20.0
54295	28.200032234191895
54334	17.850011825561523
54395	49.80003070831299
54461	4.5
54517	41.050025939941406
54590	19.0
54632	14.100014686584473
54687	23.0
54758	35.50003719329834
54826	29.5
54876	8.5
54939	32.750030517578125
54993	13.30002498626709
55045	24.0
55107	24.0
55167	12.0
55206	9.0
55269	18.0
55321	12.5
55385	35.80003261566162
55448	12.0
55507	30.000027656555176
55563	21.5
55620	22.800026893615723
55678	31.450027465820312
55733	23.750024795532227
55793	15.5
55852	5.5
55907	12.5
55952	12.000016212463379
55998	6.5
56001	10.800017356872559
56060	18.0
56116	43.400025367736816
56175	11.0
56376	20.5
56439	10.0
56504	24.0
56563	28.55002784729004
56622	18.0
56691	21.0
56765	17.5
56819	19.5
56878	35.95002746582031
56936	21.800026893615723
56995	19.5
57032	14.950010299682617
57094	23.5
57142	15.0
57206	10.0
57268	21.600029945373535
57332	17.5
57393	32.0
57553	60.59976577758789
57609	31.500025749206543
57675	15.0
57734	26.5
57796	31.0
57861	28.600031852722168
57923	44.55002975463867
57985	17.0
58046	38.50002956390381
58084	15.200013160705566
58147	11.0
58190	9.0
58251	45.40002918243408
58317	44.20003414154053
58378	20.0
58440	19.450029373168945
58501	11.0
58563	14.0
58628	45.850032806396484
58684	21.0
58749	17.0
58814	12.5
58866	18.0
58925	15.5
58985	28.5
59051	32.0
59115	13.0
59173	6.5
59225	23.150022506713867
59283	18.5
59326	2.0
59383	31.150026321411133
59443	31.0
59499	29.400025367736816
59562	22.15003204345703
59622	10.0
59686	8.0
59748	34.0
59807	30.90002727508545
59865	16.0
59923	7.5
59987	21.0
60001	21.150033950805664
60065	26.0
60128	18.5
60191	21.0
60256	31.350032806396484
60318	13.0
60377	6.0
60439	18.0
60503	28.950031280517578
60563	28.100028038024902
60624	12.5
60685	25.5
60740	22.0
60806	41.95003318786621
60864	34.25002670288086
60916	17.750022888183594
60965	22.750019073486328
61030	23.0
61076	19.0
61140	44.15003204345703
61199	48.75002861022949
61264	19.5
61322	22.0
61376	8.0
61437	38.00002956390381
61483	10.5
61544	14.0
61607	25.5
61665	28.200026512145996
61723	17.0
61781	8.5
61819	10.5
61887	25.0
61943	23.5
62011	21.5
62081	26.400036811828613
62254	17.0
62328	9.5
62529	30.5
62588	22.0
62642	17.5
62704	12.5
62761	12.0
62830	42.950035095214844
62889	19.40002727508545
62949	19.5
62996	13.5
63063	36.5
63122	24.150028228759766
63178	16.5
63241	33.400031089782715
63283	9.5
63334	8.0
63398	28.050031661987305
63459	17.5
63521	15.5
63570	22.30001926422119
63626	22.0
63695	23.650035858154297
63754	18.5
63815	22.5
63874	22.0
63937	12.0
64001	34.35003852844238
64066	29.750032424926758
64130	20.5
64194	10.5
64276	34.0
64334	20.5
64386	29.650022506713867
64447	43.20003032684326
64509	45.100029945373535
64574	14.5
64653	35.5
64707	35.55002403259277
64770	34.5
64834	18.0
64906	37.50003910064697
64968	11.5
65027	21.850027084350586
65092	27.15003204345703
65149	10.5
65205	29.5
65265	38.0
65333	19.5
65398	8.5
65450	7.5
65515	18.0
65577	28.0
65639	34.6500301361084
65712	17.5
65771	22.0
65823	30.900023460388184
65885	14.0
65944	13.0
66027	54.6500244140625
66086	15.0
66147	47.20003032684326
66213	27.100031852722168
66272	33.80002689361572
66332	18.0
66388	32.30002498626709
66448	10.0
66509	27.050029754638672
66569	33.70002841949463
66633	18.0
66699	21.0
66762	27.450031280517578
66827	18.0
66884	26.550025939941406
66946	28.20003032684326
67010	16.5
67073	14.0
67132	21.0
67189	19.5
67241	12.0
67303	40.85003089904785
67356	16.5
67420	10.0
67477	26.5
67536	33.05002784729004
67598	14.0
67653	20.5
67714	21.0
67766	7.5
67851	37.5
67916	18.5
67985	31.0
68001	26.550031661987305
68043	9.0
68110	36.0
68174	41.50003147125244
68245	17.0
68298	31.250022888183594
68342	7.5
68417	59.650041580200195
68477	12.5
68532	17.5
68611	46.0
68666	8.0
68730	17.5
68793	18.5
68874	36.5
68934	39.75002861022949
69033	50.64997100830078
69096	14.0
69155	20.5
69215	48.50002956390381
69275	20.0
69331	18.5
69398	31.0
69463	25.0
69547	41.0
69613	29.900032997131348
69675	30.0
69742	35.5
69804	3.5
69879	30.0
69938	12.0
69994	22.0
70058	35.50003147125244
70122	39.45003128051758
70182	15.5
70254	48.00003910064697
70313	31.90002727508545
70378	21.0
70442	18.950031280517578
70505	11.0
70573	28.0
70620	13.850017547607422
70702	31.0
70763	10.5
70823	36.50002956390381
70889	35.90003299713135
70944	44.30002498626709
71008	22.400031089782715
71076	29.5
71143	34.5
71196	22.0
71279	39.5
71336	17.5
71402	15.0
71458	22.0
71522	5.5
71640	20.0
71706	45.80003261566162
71775	42.90003681182861
71835	50.05002975463867
71900	32.75003242492676
71965	22.5
72001	38.6000280380249
72059	29.650026321411133
72111	10.0
72178	26.5
72236	28.000027656555176
72311	35.850040435791016
72378	15.5
72442	26.750032424926758
72510	43.40003490447998
72570	28.70002841949463
72633	21.5
72690	21.0
72759	36.75003623962402
72818	33.1000280380249
72880	45.80003070831299
72941	18.0
73002	17.5
73062	22.950029373168945
73122	20.5
73185	36.50003147125244
73241	40.45002365112305
73310	48.50003528594971
73376	46.150033950805664
73427	20.850021362304688
73492	40.40003299713135
73558	22.5
73598	27.75001335144043
73661	28.050031661987305
73730	30.0
73788	17.0
73848	16.0
73889	4.0
73945	7.5
74010	28.5
74063	21.70002269744873
74120	28.5
74184	35.900031089782715
74246	24.5
74296	22.45001983642578
74351	30.750024795532227
74416	30.15003204345703
74472	16.5
74537	35.95003318786621
74603	25.45003318786621
74664	21.5
74710	3.0
74765	20.5
74846	54.30002975463867
74911	46.30003261566162
74976	9.0
75024	11.5
75087	24.0
75154	33.0
75216	29.750030517578125
75279	41.1500301361084
75340	11.5
75405	26.5
75467	27.0
75552	33.0
75615	30.900031089782715
75697	32.20002365112305
75752	27.050024032592773
75808	19.0
75878	21.950037002563477
75946	52.40003490447998
75993	11.5
76001	21.55003547668457
76055	17.700024604797363
76132	31.0
76199	24.0
76277	27.5
76334	39.10002613067627
76401	22.5
76471	31.0
76535	12.0
76594	29.5
76678	8.5
76731	18.0
76798	18.0
76857	24.0
76918	21.0
76977	19.5
77035	13.0
77101	27.1000337600708
77160	29.5
77221	42.05002975463867
77286	28.65003204345703
77345	37.85002899169922
77409	13.0
77474	10.0
77519	7.0
77590	29.950037002563477
77634	12.5
77698	27.0
77768	40.30003643035889
77833	45.80003261566162
77898	29.30003261566162
77960	20.0
78023	35.600029945373535
78090	9.0
78170	34.0
78229	19.5
78283	13.5
78344	24.450029373168945
78403	36.500027656555176
78467	38.50003147125244
78533	19.0
78595	41.00003147125244
78660	16.5
78719	7.0
78779	40.75002861022949
78864	66.70001602172852
78928	27.5
78999	44.95003700256348
79061	38.250030517578125
79131	16.5
79200	33.0
79263	13.5
79336	33.0
79407	31.65003776550293
79472	19.5
79527	8.5
79633	34.5
79687	19.50002384185791
79877	63.14966583251953
79935	28.75002670288086
80001	35.150033950805664
80062	26.100029945373535
80127	30.65003204345703
80190	25.5
80256	33.90003299713135
80316	23.20002841949463
80372	22.0
80436	33.0
80495	11.5
80560	19.5
80614	17.5
80679	9.0
80732	31.300023078918457
80828	51.0
80896	36.450035095214844
80958	24.6500301361084
81021	39.00003147125244
81078	32.900025367736816
81149	43.5500373840332
81204	15.0
81269	36.25003242492676
81336	38.0
81394	18.5
81491	54.0
81557	17.5
81622	35.5
81697	20.5
81765	24.0
81814	20.30001926422119
81885	14.5
81962	34.300042152404785
82024	13.0
82096	40.250038146972656
82175	57.950035095214844
82238	21.5
82308	19.5
82373	32.40003299713135
82442	45.75003623962402
82517	16.5
82584	27.0
82657	34.50003910064697
82715	34.000027656555176
82788	39.50003910064697
82844	31.900025367736816
82915	30.35003662109375
82975	6.0
83053	66.85003662109375
83121	15.5
83189	30.850034713745117
83251	31.70003032684326
83321	13.5
83389	35.6500358581543
83477	8.5
83544	2.5
83617	35.5
83698	41.0
83761	15.5
83828	33.6000337600708
83876	19.80001926422119
83940	21.0
84037	29.0
84106	48.600035667419434
84188	46.60002517700195
84265	40.75004196166992
84338	23.050039291381836
84401	22.900031089782715
84602	36.0
84672	22.50003719329834
84728	28.95002555847168
84815	55.60000991821289
84883	15.0
84955	32.400038719177246
85022	20.0
85098	7.5
85167	50.6500358581543
85230	30.80003070831299
85296	32.650033950805664
85357	18.0
85445	63.25000762939453
85508	31.900031089782715
85576	26.5
85661	13.5
85733	39.80003833770752
85797	13.5
85878	56.050025939941406
85959	48.65003204345703
86032	19.0
86104	27.5
86181	32.0
86244	36.400031089782715
86313	44.50003528594971
86412	36.5
86473	19.50002956390381
86560	38.5
86639	45.20003890991211
86708	35.05003547668457
86772	18.5
86840	26.150033950805664
86906	31.45003318786621
87017	91.84992980957031
87101	40.5
87167	20.0
87237	25.0
87301	29.50003147125244
87374	26.5
87443	16.5
87511	18.5
87583	39.20003795623779
87652	41.85003662109375
87720	10.0
87786	40.40003299713135
87856	34.5
87904	16.250019073486328
87961	20.700026512145996
88001	51.70002365112305
88078	35.0
88137	21.0
88210	21.0
88261	25.700020790100098
88346	64.20001602172852
88411	25.0
88487	47.5
88558	47.65003776550293
88612	34.95002365112305
88680	7.5
88760	14.5
88870	38.89992904663086
88954	45.20002365112305
89021	29.700034141540527
89093	12.0
89156	32.900031089782715
89228	7.5
89329	42.0
89394	17.5
89476	21.5
89544	20.5
89621	14.5
89691	27.0
89778	28.0
89842	35.65003204345703
89906	25.050031661987305
90004	61.5
90060	21.900023460388184
90126	53.55003356933594
90192	20.5
90253	20.5
90352	42.5
90417	33.80003261566162
90479	33.20003032684326
90557	31.600040435791016
90629	33.85003852844238
90680	25.500021934509277
90744	19.100031852722168
90861	67.94991302490234
90957	61.39998245239258
91028	12.0
91104	42.20004177093506
91201	47.5
91321	62.5
91375	7.5
91441	31.550033569335938
91505	6.0
91597	11.5
91672	31.850040435791016
91746	49.65003967285156
91810	20.0
91884	42.25004005432129
91945	9.5
92001	29.85003662109375
92100	65.49997329711914
92159	27.600028038024902
92256	63.19997787475586
92337	21.0
92410	39.95003890991211
92498	44.90000534057617
92562	37.25003242492676
92649	31.5
92757	36.5
92823	21.5
92890	16.5
92990	52.0
93055	37.55003356933594
93126	8.5
93229	68.59995651245117
93300	37.50003719329834
93368	21.0
93455	44.5
93541	25.5
93605	32.15003204345703
93668	41.60003185272217
93792	47.5
93847	18.30002498626709
93948	50.5
94028	28.5
94118	40.000003814697266
94181	29.400031089782715
94298	49.0
94381	36.0
94478	32.0
94679	28.5
94759	43.9000358581543
94849	51.0
94917	19.5
94992	23.0
95040	19.200018882751465
95117	45.85004234313965
95201	25.0
95276	16.5
95368	31.5
95463	48.0
95515	22.500021934509277
95587	24.0
95644	27.45002555847168
95720	39.70004177093506
95787	26.800034523010254
95865	35.15003967285156
95968	48.0
96001	52.39992141723633
96072	36.95003700256348
96152	46.450035095214844
96238	27.0
96317	38.85003662109375
96413	20.0
96531	33.0
96624	46.39999008178711
96744	82.14990234375
96832	57.10000228881836
96938	70.0499496459961
97010	40.400038719177246
97061	8.5
97153	39.0
97253	44.5
97326	35.5
97410	25.0
97495	38.550018310546875
97569	36.350040435791016
97671	78.49995803833008
97748	25.5
97822	17.5
97918	31.5
97997	38.100040435791016
98063	8.5
98146	21.0
98209	8.5
98292	30.700023651123047
98369	31.0
98444	27.0
98576	66.5
98679	69.39995956420898
98744	33.95003318786621
98818	34.0
98890	15.5
99037	67.0
99104	17.5
99212	49.5
99295	16.5
99361	13.0
99470	58.6999397277832
99569	74.69997024536133
99663	43.89998245239258
99769	59.89995193481445
99846	24.0
99965	77.5
100001	36.55003356933594
100096	31.0
100174	35.5
100308	54.0
100381	17.0
100488	58.5
100599	33.5
100682	29.200023651123047
100754	21.0
100825	3.0
100917	36.0
101023	67.5
101156	76.0
101234	32.00003433227539
101363	86.99987411499023
101510	75.0
101612	33.5
101688	28.5
101773	28.5
101845	34.600037574768066
101968	40.0
102044	50.55004119873047
102155	37.0
102244	33.0
102378	64.5
102460	37.5
102518	16.5
102592	38.65003967285156
102676	33.0
102761	42.95001983642578
102849	24.0
102952	70.49995803833008
103046	34.5
103143	55.89997482299805
103279	74.5
103366	27.0
103440	30.300040245056152
103517	50.50004196166992
103589	30.550039291381836
103673	34.5
103758	52.50001907348633
103844	25.5
103923	22.5
104001	56.299930572509766
104067	-1.0
104202	68.5
104269	6.5
104352	35.50002670288086
104440	15.0
104520	52.50003433227539
104675	72.5
104749	10.5
104813	34.050031661987305
104925	91.24992370605469
105014	0.5
105113	30.5
105203	56.60000228881836
105362	103.54977416992188
105443	29.550033569335938
105608	76.0
105684	28.5
105824	98.04983520507812
105896	31.850038528442383
105968	16.5
106041	21.0
106125	28.5
106228	50.5
106313	36.550018310546875
106389	45.35004234313965
106497	24.0
106606	37.5
106682	38.150041580200195
106793	110.99993515014648
106879	42.4000129699707
106987	64.59994125366211
107070	25.0
107161	30.0
107243	38.30002975463867
107392	106.5498046875
107457	16.5
107538	30.5
107670	75.0
107809	54.0
107890	11.5
107973	32.5
108001	45.449981689453125
108069	15.0
108207	75.0
108296	48.650001525878906
108376	32.450035095214844
108493	75.0
108609	52.0
108698	24.0
108780	23.5
108916	92.64984893798828
109067	101.24980163574219
109201	69.5
109293	76.5
109397	71.449951171875
109531	64.0
109636	77.5
109739	55.49995803833008
109856	27.0
109970	25.0
110042	15.5
110182	97.59983444213867
110232	19.150020599365234
110351	31.5
110483	54.0
110582	76.5
110708	59.5
110806	51.599971771240234
110913	50.049949645996094
111013	29.5
111138	55.0
111257	21.0
111388	45.0
111470	41.750030517578125
111579	71.09993362426758
111666	32.95001220703125
111782	55.5
111898	55.0
111991	30.5
112001	20.550025939941406
112114	76.5
112239	113.84988403320312
112408	77.5
112551	52.0
112637	23.5
112780	65.0
112900	46.0
113000	106.64997100830078
113076	22.70004177093506
113204	67.0
113266	29.150028228759766
113351	28.5
113478	7.5
113567	59.40000534057617
113705	96.0998420715332
113782	21.0
113867	78.0
113972	109.79995346069336
114061	45.25000762939453
114133	76.5
114209	25.150041580200195
114334	57.0
114535	112.6496353149414
114646	45.0
114797	109.69979476928711
114879	29.800029754638672
114966	104.4000129699707
115074	36.5
115160	76.5
115325	107.64974975585938
115464	68.0
115617	70.5
115760	54.0
115877	62.099910736083984
115963	76.5
116001	61.949913024902344
116120	77.89990615844727
116194	20.5
116318	78.0
116397	45.15003204345703
116520	82.14989471435547
116608	24.0
116691	24.5
116772	78.5
116919	99.9498062133789
117044	72.69988632202148
117192	74.0
117285	61.74999237060547
117399	40.0
117485	47.0000114440918
117546	25.750028610229492
117639	78.5
117790	106.94979858398438
117876	41.75001525878906
117995	76.5
118162	114.54974365234375
118253	76.5
118368	30.0
118478	34.5
118559	104.30002975463867
118706	99.44981384277344
118801	49.89998245239258
118925	20.0
119059	78.0
119199	81.0
119322	82.79989242553711
119449	69.3498764038086
119532	41.5
119678	67.5
119854	76.0
120001	108.79977035522461
120117	78.0
120213	37.64997863769531
120291	103.65003967285156
120444	72.0
120519	43.90004062652588
120622	51.6999626159668
120752	78.0
120842	28.5
120930	55.80000686645508
121044	66.29992294311523
121192	99.04981231689453
121277	103.90002059936523
121396	57.94990539550781
121486	106.79999923706055
121571	15.5
121714	80.99982833862305
121852	119.34984588623047
121927	78.0
122055	113.49987411499023
122144	107.45000457763672
122257	111.5499267578125
122345	45.700008392333984
122505	98.79977035522461
122634	114.74987030029297
122696	25.550029754638672
122783	77.5
122929	117.14981842041016
123004	102.30004119873047
123092	26.350006103515625
123183	105.29999923706055
123269	78.5
123396	77.0
123492	77.5
123586	76.5
123734	53.5
123817	81.0
124001	109.14967346191406
124113	76.5
124213	18.5
124353	100.54983520507812
124533	107.99970626831055
124618	26.5
124736	75.39990615844727
124872	78.0
125003	76.5
125204	48.0
125370	73.0
125506	70.0
125615	39.5
125765	72.5
125946	78.5
126045	107.04997253417969
126177	78.94985961914062
126318	84.5498275756836
126467	94.0498046875
126590	29.5
126673	106.0500259399414
126818	93.94982147216797
126950	69.99985885620117
127041	76.5
127139	25.5
127231	34.09999465942383
127402	77.0
127483	106.25003051757812
127580	30.5
127654	102.00003814697266
127759	109.69995498657227
127888	33.0
127967	105.75003814697266
128022	67.74976348876953
128160	76.0
128361	112.34963989257812
128469	110.09994125366211
