49	-6.0
97	5.600018501281738
144	-4.0
184	0.95001220703125
230	9.200016975402832
279	5.750019073486328
320	-4.0
372	0
413	-5.0
458	-2.0
499	3.2500133514404297
541	-3.0
588	7.300017356872559
629	4.25001335144043
673	4.900015830993652
721	7.650018692016602
768	-2.0
830	-4.0
875	7.950016021728516
916	0
965	3.8000192642211914
1012	6.450017929077148
1058	7.350017547607422
1106	-3.0
1148	6.700015068054199
1198	8.000020027160645
1238	-2.0
1279	1.0
1323	3.800015449523926
1379	4.700026512145996
1423	0
1477	0
1521	-6.0
1558	-2.0
1605	-4.0
1667	-4.0
1713	7.250017166137695
1756	7.500014305114746
1800	-4.0
1840	5.300013542175293
1884	8.750015258789062
1926	0
1971	-3.0
2013	0
2057	3.800015449523926
2096	-3.0
2145	-8.0
2182	-3.0
2226	-4.0
2264	-4.0
2327	-5.0
2367	-4.0
2408	-4.0
2455	-4.0
2498	-4.0
2540	-2.0
2589	-4.0
2633	-1.0
2676	3.650014877319336
2722	-9.0
2768	9.350017547607422
2817	-2.0
2863	-6.0
2909	0.2500171661376953
2957	-4.0
3000	-4.0
3048	5.600018501281738
3093	-8.0
3137	-2.0
3180	8.650014877319336
3225	-3.0
3275	-4.0
3321	-6.0
3367	-3.0
3417	-3.0
3461	5.800015449523926
3510	-5.0
3553	0
3592	-3.0
3635	6.700015068054199
3677	-1.0
3726	-2.0
3773	0
3818	-2.0
3860	4.700015068054199
3905	-4.0
3954	7.800019264221191
4000	-8.0
4001	7.850011825561523
4062	10.850030899047852
4105	-3.0
4189	14.400020599365234
4230	4.350013732910156
4277	-4.0
4320	-1.0
4385	-1.0
4434	0
4483	7.900019645690918
4533	-3.0
4578	6.250017166137695
4660	-10.0
4704	-5.0
4747	0.0
4790	-2.0
4845	7.400025367736816
4888	-4.0
4937	-2.0
4982	-3.0
5025	-8.0
5068	3.6000146865844727
5114	-2.0
5167	-7.0
5221	-1.0
5262	-3.0
5303	-5.0
5350	7.500018119812012
5396	-1.0
5443	9.550018310546875
5491	-4.0
5535	-4.0
5578	5.500014305114746
5628	7.900019645690918
5671	1.650014877319336
5712	-5.0
5756	-5.0
5801	-5.0
5839	-3.0
5883	-4.0
5922	5.700011253356934
5966	2.1000165939331055
6007	-2.0
6078	4.700037956237793
6279	-9.0
6322	2.5500144958496094
6367	6.150016784667969
6414	7.500018119812012
6455	3.2500133514404297
6499	-2.0
6543	-7.0
6594	-2.0
6631	5.450010299682617
6670	-2.0
6714	-4.0
6751	3.400010108947754
6799	7.750019073486328
6840	-5.0
6888	7.650018692016602
6932	2.9000158309936523
6975	-1.0
7013	-1.0
7051	5.65001106262207
7096	-2.0
7132	-4.0
7172	-2.0
7215	6.800015449523926
7259	2.9500160217285156
7321	0.0
7365	4.700015068054199
7403	3.7000112533569336
7447	-2.0
7487	1.239776611328125e-05
7527	6.050012588500977
7570	-4.0
7618	7.700018882751465
7668	4.300021171569824
7706	-3.0
7754	0.0
7798	0
7859	-3.0
7897	3.750011444091797
7936	-2.0
7979	-2.0
8001	7.400017738342285
8044	-4.0
8093	-4.0
8136	4.700015068054199
8173	0.5000104904174805
8223	7.150020599365234
8281	10.90002727508545
8320	-3.0
8361	-2.0
8562	35.79963302612305
8602	-3.0
8642	-2.0
8686	-4.0
8730	-2.0
8775	0
8819	3.000016212463379
8868	7.700018882751465
8912	0
8955	-8.0
9004	-4.0
9052	-2.0
9093	3.300013542175293
9294	-13.0
9341	7.450017929077148
9385	-4.0
9422	-8.0
9460	-5.0
9505	-2.0
9561	-3.0
9606	-3.0
9647	-3.0
9708	9.350028991699219
9748	1.0
9796	-4.0
9838	-3.0
9900	-5.0
9943	8.7000150680542
9999	-4.0
10048	-4.0
10085	6.450010299682617
10125	-4.0
10166	-2.0
10210	4.000016212463379
10251	-1.0
10296	5.050016403198242
10336	3.0000123977661133
10385	5.800019264221191
10431	-3.0
10480	7.850019454956055
10529	7.750019073486328
10580	-2.0
10629	-4.0
10672	-3.0
10722	-2.0
10765	-3.0
10808	-2.0
10853	-9.0
10895	8.600014686584473
10958	-4.0
11005	9.500018119812012
11053	-2.0
11095	0
11139	6.900015830993652
11183	0
11222	-1.0
11262	0.95001220703125
11305	0.0
11351	6.300017356872559
11390	3.9000120162963867
11438	-2.0
11482	-3.0
11526	6.800015449523926
11580	-7.0
11627	-2.0
11676	0
11719	6.700015068054199
11768	8.100020408630371
11811	-2.0
11861	8.300021171569824
11907	6.200016975402832
11949	0
11997	5.650018692016602
12001	3.300013542175293
12045	-3.0
12092	7.550018310546875
12293	-6.0
12333	6.150012969970703
12382	0
12427	-3.0
12482	-5.0
12527	-1.0
12567	6.150012969970703
12613	-1.0
12658	-2.0
12696	-1.0
12734	-4.0
12785	-4.0
12834	-2.0
12883	7.750019073486328
12926	-2.0
12969	-2.0
13018	7.900019645690918
13071	-4.0
13112	-2.0
13158	5.200016975402832
13203	-4.0
13248	0
13291	-3.0
13328	0
13370	2.5500144958496094
13426	-5.0
13472	4.1000165939331055
13517	-2.0
13557	-5.0
13597	2.10001277923584
13646	9.700018882751465
13689	-2.0
13738	-4.0
13786	0
13828	-5.0
13875	9.450017929077148
13919	-5.0
13982	13.050031661987305
14028	-2.0
14073	-2.0
14116	0
14159	-0.39998531341552734
14202	4.7500152587890625
14243	2.300013542175293
14305	3.600029945373535
14346	-3.0
14389	4.500014305114746
14436	9.550018310546875
14484	-2.0
14522	-3.0
14568	7.200016975402832
14618	-2.0
14666	9.750019073486328
14709	8.450014114379883
14753	6.800015449523926
14793	-3.0
14842	-4.0
14890	5.850019454956055
14931	-1.0
14981	0
15021	4.050012588500977
15063	3.3500137329101562
15106	4.650014877319336
15155	9.800019264221191
15198	-3.0
15263	11.350032806396484
15303	-4.0
15358	6.350025177001953
15412	3.0500240325927734
15474	-2.0
15515	5.300013542175293
15561	-4.0
15605	0
15648	8.7000150680542
15707	8.850027084350586
15751	-4.0
15793	-2.0
15842	-2.0
15886	-3.0
15931	9.000016212463379
15981	-4.0
16001	4.4000139236450195
16043	6.350013732910156
16080	7.400010108947754
16281	-13.0
16323	5.350013732910156
16364	-2.0
16411	0
16455	8.850015640258789
16518	-5.0
16564	7.350017547607422
16625	-5.0
16662	-7.0
16706	-2.0
16745	-1.0
16790	9.100016593933105
16833	8.7000150680542
16912	-3.0
16972	0
17029	8.75002670288086
17084	-6.0
17140	10.45002555847168
17183	-2.0
17228	-2.0
17268	-7.0
17317	9.050020217895508
17361	-6.0
17403	-2.0
17452	7.850019454956055
17494	-4.0
17560	12.550033569335938
17603	3.6000146865844727
17642	0
17683	5.200013160705566
17745	-2.0
17789	8.650014877319336
17825	1.250009536743164
17865	5.350013732910156
17915	0
17960	9.100016593933105
18161	-5.0
18204	1.5500144958496094
18284	14.850028991699219
18323	2.80001163482666
18524	35.79963302612305
18566	-8.0
18607	1.300013542175293
18661	10.250024795532227
18719	7.850027084350586
18764	0
18805	8.300013542175293
18848	0
18891	-3.0
18939	-2.0
18980	6.150012969970703
19036	9.500025749206543
19079	-2.0
19134	-2.0
19177	-6.0
19222	7.1000165939331055
19283	12.400029182434082
19322	7.900012016296387
19384	13.800030708312988
19432	9.500018119812012
19474	-3.0
19522	9.600018501281738
19580	-1.0
19617	4.550010681152344
19668	9.200020790100098
19716	10.600018501281738
19757	-3.0
19822	1.0
19878	10.500025749206543
19928	-2.0
19975	-2.0
20001	7.200013160705566
20047	0
20086	3.0500125885009766
20136	-5.0
20179	0
20228	0
20272	-8.0
20321	-3.0
20370	-1.0
20413	-3.0
20458	0
20496	5.600010871887207
20534	3.9000120162963867
20596	1.0
20652	5.550025939941406
20704	4.7000226974487305
20751	-5.0
20792	-6.0
20837	8.000016212463379
20879	5.550014495849609
20925	-6.0
20968	7.550014495849609
21014	-0.6499824523925781
21058	-1.0
21102	5.650014877319336
21140	-5.0
21184	0
21238	-1.0
21285	-3.0
21332	-2.0
21377	8.150016784667969
21437	-1.0
21482	-2.0
21527	-3.0
21574	9.450017929077148
21611	1.4500102996826172
21664	1.0
21865	-5.0
21922	0
21982	-4.0
22044	-3.0
22087	-3.0
22146	5.200028419494629
22206	0
22245	0
22285	2.0000123977661133
22330	-2.0
22366	7.450010299682617
22416	-2.0
22455	-0.19998836517333984
22505	-2.0
22547	3.5500144958496094
22607	-2.0
22655	-2.0
22701	-2.0
22740	-1.1999883651733398
22780	-3.0
22838	-4.0
22897	8.000027656555176
22943	-2.0
22982	-1.0
23042	9.150028228759766
23103	10.400029182434082
23150	7.450017929077148
23222	13.750038146972656
23265	8.7000150680542
23309	8.650014877319336
23346	-3.0
23392	0
23436	-4.0
23477	6.350013732910156
23524	9.450017929077148
23566	7.550014495849609
23609	-3.0
23656	-1.0
23695	-3.0
23737	-5.0
23788	-1.0
23825	0
23878	-3.0
23917	5.900012016296387
23962	-2.0
24001	6.500014305114746
24061	1.0
24101	-5.0
24147	7.300017356872559
24191	6.7500152587890625
24254	7.950031280517578
24339	13.600017547607422
24401	1.0
24447	-2.0
24491	3.700015068054199
24531	-5.0
24575	-4.0
24625	10.050020217895508
24685	0
24729	6.950016021728516
24783	-6.0
24829	8.350017547607422
24882	-6.0
24926	8.950016021728516
24972	0
25016	0
25077	0.0
25134	0
25184	-2.0
25243	-1.0
25304	11.550029754638672
25361	5.650026321411133
25411	-3.0
25447	-3.0
25490	6.650014877319336
25536	0
25579	-3.0
25639	8.90002727508545
25678	-6.0
25718	-5.0
25759	3.4000139236450195
25809	-4.0
25860	5.450021743774414
25904	-3.0
25955	6.450021743774414
26000	-2.0
26065	0.0
26109	0
26168	8.90002727508545
26212	-3.0
26282	7.50003719329834
26326	0
26370	-1.0
26416	7.250017166137695
26458	6.4000139236450195
26500	0
26543	6.550014495849609
26597	11.85002326965332
26646	-4.0
26711	13.250032424926758
26751	-4.0
26798	0
26842	-4.0
26900	0
26947	0
26992	7.200016975402832
27032	-1.0
27072	-4.0
27132	-3.0
27174	6.4000139236450195
27218	7.900015830993652
27259	-6.0
27306	-2.0
27350	9.000016212463379
27395	0
27453	0
27508	-3.0
27550	3.3500137329101562
27609	11.100028038024902
27670	12.450029373168945
27716	-2.0
27759	3.5500144958496094
27818	-1.0
27876	-2.0
27919	-7.0
27967	-2.0
28001	6.450014114379883
28047	4.1000165939331055
28094	7.300017356872559
28148	-4.0
28208	-6.0
28251	7.650014877319336
28296	-1.0
28338	0
28381	1.500014305114746
28429	9.750019073486328
28473	6.600014686584473
28511	-7.0
28552	-2.0
28606	6.00002384185791
28649	-1.0
28698	0
28737	-3.0
28776	0
28821	-4.0
28867	7.300017356872559
28912	-4.0
28962	-5.0
29022	-1.0
29068	-5.0
29125	11.700026512145996
29165	6.050012588500977
29213	5.550018310546875
29278	0
29339	-6.0
29378	-3.0
29424	0
29473	0
29533	-2.0
29576	8.750015258789062
29615	-1.0
29661	-4.0
29704	5.550014495849609
29775	0
29817	0
29859	8.500014305114746
29918	1.0
29958	-2.0
30014	10.45002555847168
30075	-3.0
30120	0
30159	0.8000116348266602
30203	-1.0
30246	-3.0
30290	4.700015068054199
30334	5.950016021728516
30378	-7.0
30436	-2.0
30490	0
30532	4.350013732910156
30575	-6.0
30623	7.550018310546875
30679	1.0
30721	5.500014305114746
30767	7.300017356872559
30807	-3.0
30853	5.200016975402832
30984	21.499866485595703
31024	-4.0
31064	0
31107	-6.0
31154	-2.0
31211	-1.0
31260	0
31326	13.500033378601074
31370	-2.0
31414	2.650014877319336
31464	-1.0
31522	-1.0
31596	11.200039863586426
31667	12.250040054321289
31731	9.950031280517578
31787	-6.0
31846	-2.0
31889	-4.0
31953	11.100031852722168
32001	9.700026512145996
32060	-7.0
32101	-3.0
32148	7.400017738342285
32203	11.30002498626709
32261	-4.0
32328	11.700034141540527
32383	-3.0
32443	-6.0
32489	-3.0
32537	-3.0
32576	-6.0
32632	-1.0
32676	-1.0
32728	8.900023460388184
32787	9.000027656555176
32842	-5.0
32886	3.700015068054199
32951	13.300032615661621
33030	8.50003433227539
33074	8.850015640258789
33135	-1.0
33188	0.0
33226	5.65001106262207
33267	-1.0
33326	0
33381	-3.0
33425	-2.0
33462	-2.0
33505	4.700015068054199
33549	0
33590	8.350013732910156
33633	-3.0
33683	0
33726	5.700015068054199
33773	-2.0
33828	-2.0
33869	6.200013160705566
33919	-2.0
33982	-2.0
34045	13.900031089782715
34087	5.500014305114746
34124	0
34161	2.5000104904174805
34222	1.0
34263	-3.0
34321	-6.0
34373	4.650022506713867
34437	1.0
34483	0
34519	0.30000972747802734
34569	-4.0
34628	13.200028419494629
34673	-1.0
34733	-1.0
34784	-4.0
34844	0
34884	-7.0
34924	4.95001220703125
34977	5.85002326965332
35020	-2.0
35064	3.7500152587890625
35129	0
35166	5.550010681152344
35226	12.400029182434082
35273	0
35322	-5.0
35371	1.0
35419	9.600018501281738
35462	-2.0
35502	5.10001277923584
35561	-1.0
35625	13.050031661987305
35677	0
35726	9.900019645690918
35770	0
35810	2.150012969970703
35856	-3.0
35903	6.300017356872559
35951	0
35995	0
36001	6.650014877319336
36040	6.700011253356934
36084	0
36127	-2.0
36164	7.400010108947754
36207	0
36266	10.950027465820312
36324	-1.0
36378	6.100024223327637
36428	0
36486	10.700026512145996
36526	0
36584	-2.0
36650	0
36709	1.0
36747	7.600010871887207
36789	-2.0
36832	0
36895	12.950031280517578
36945	-2.0
36989	-2.0
37190	-8.0
37238	9.600018501281738
37439	-4.0
37482	6.550014495849609
37539	-5.0
37586	-3.0
37626	0
37666	-6.0
37709	-1.0
37758	0
37800	0
37841	-2.0
37903	0
37962	-1.0
38012	0
38071	1.0
38130	-4.0
38169	-6.0
38239	0
38329	0
38385	11.400025367736816
38586	-8.0
38628	-1.0
38677	0
38735	11.800026893615723
38792	11.800026893615723
38848	-2.0
38895	9.600018501281738
38952	11.700026512145996
39017	0
39070	11.900023460388184
39117	-2.0
39169	6.800023078918457
39227	-3.0
39264	5.5000104904174805
39305	-1.0
39352	-3.0
39397	0
39441	-2.0
39499	11.950027465820312
39553	9.050024032592773
39610	-2.0
39653	-1.0
39710	5.6000261306762695
39755	-1.0
39811	3.350025177001953
39868	5.45002555847168
39907	5.900012016296387
39953	-2.0
40000	-4.0
40001	10.100020408630371
40042	8.200013160705566
40092	10.350021362304688
40134	-2.0
40209	-4.0
40249	5.050012588500977
40312	12.700030326843262
40356	-4.0
40417	-5.0
40461	0
40523	8.650030136108398
40588	0
40652	-2.0
40717	0
40762	-1.0
40816	10.00002384185791
40880	-7.0
40934	11.050024032592773
40994	-1.0
41034	3.9000120162963867
41091	9.60002613067627
41136	-2.0
41180	7.900015830993652
41220	-2.0
41265	-2.0
41323	11.850027084350586
41370	-5.0
41414	-3.0
41459	-2.0
41521	-4.0
41563	0.0
41623	-2.0
41673	-2.0
41724	8.55002212524414
41778	-4.0
41820	0
41865	-2.0
41924	0
41971	0
42026	11.00002384185791
42069	8.500014305114746
42115	4.900015830993652
42180	-1.0
42234	-1.0
42270	7.250009536743164
42331	0
42391	-5.0
42450	12.250028610229492
42495	-6.0
42544	7.800019264221191
42602	1.0
42650	-1.0
42692	1.5500144958496094
42729	0
42792	1.0
42837	-1.0
42896	0
42935	0
42978	-3.0
43030	-2.0
43067	5.300009727478027
43123	-3.0
43165	0
43211	-2.0
43249	2.750011444091797
43307	7.800026893615723
43347	6.95001220703125
43393	-2.0
43449	10.350025177001953
43496	-4.0
43552	5.45002555847168
43612	-2.0
43660	-1.0
43704	0
43749	-1.0
43793	-2.0
43836	-2.0
43889	-1.0
43932	5.500014305114746
43997	11.300032615661621
44001	5.800015449523926
44060	-1.0
44103	8.800015449523926
44150	-3.0
44196	0
44238	-7.0
44283	0
44340	6.800026893615723
44390	0
44450	-4.0
44491	-2.0
44551	-2.0
44596	3.000016212463379
44638	-4.0
44699	-2.0
44740	-4.0
44791	7.200020790100098
44850	9.90002727508545
44913	12.700030326843262
44963	9.900019645690918
45024	0.0
45070	0
45135	13.350032806396484
45177	-5.0
45235	-2.0
45295	-2.0
45340	-1.0
45375	6.300009727478027
45417	4.300013542175293
45475	10.800026893615723
45533	11.950027465820312
45578	6.150016784667969
45632	11.050024032592773
45673	6.10001277923584
45734	-4.0
45779	-1.0
45823	0
45879	10.650026321411133
45926	0
45989	0
46049	-1.0
46111	-3.0
46155	0
46198	7.600014686584473
46250	7.450021743774414
46305	-1.0
46366	-4.0
46410	-2.0
46448	6.600010871887207
46495	-4.0
46551	0
46615	0
46681	13.400032997131348
46722	-1.0
46785	14.000031471252441
46829	-1.0
46872	-2.0
46935	0
46980	4.950016021728516
47021	-2.0
47066	0
47130	10.050031661987305
47173	8.850015640258789
47246	-4.0
47303	7.650026321411133
47368	13.100031852722168
47414	-2.0
47478	0
47530	-2.0
47574	8.7000150680542
47631	1.0
47692	0
47756	0
47815	1.0
47852	-3.0
47895	7.700015068054199
47947	-3.0
48001	11.75002670288086
48059	12.000027656555176
48105	0
48163	-5.0
48210	-2.0
48268	-1.0
48332	13.100031852722168
48393	11.450029373168945
48438	0
48486	0
48529	-6.0
48589	9.050027847290039
48630	-2.0
48686	9.45002555847168
48744	-5.0
48803	-2.0
48849	-2.0
48900	9.350021362304688
48945	0
48991	9.100016593933105
49046	0
49096	10.000020027160645
49153	-7.0
49216	0
49275	-1.0
49338	1.0
49383	4.900015830993652
49432	-2.0
49476	4.800015449523926
49537	0
49599	-2.0
49648	0
49693	-8.0
49733	0
49790	11.60002613067627
49834	0
49878	4.600014686584473
49939	0
50000	-3.0
50065	0
50128	0
50201	-5.0
50271	0
50336	12.200032234191895
50403	13.500033378601074
50450	7.500018119812012
50507	10.60002613067627
50593	-3.0
50631	-7.0
50670	-2.0
50731	12.600029945373535
50791	0.0
50857	13.550033569335938
50918	-1.0
50974	11.400025367736816
51032	-1.0
51107	0
51152	0
51208	11.1500244140625
51253	-1.0
51309	0
51359	10.100020408630371
51416	-7.0
51463	5.300017356872559
51522	-2.0
51580	0
51626	5.200016975402832
51681	-2.0
51735	0.0
51791	11.1500244140625
51842	-4.0
51902	12.300028800964355
51965	10.800030708312988
52001	8.350025177001953
52052	0
52118	-2.0
52163	1.0
52225	0
52288	-5.0
52354	0
52399	-2.0
52455	-2.0
52498	8.600014686584473
52551	0
52611	10.150028228759766
52670	0.0
52737	12.75003433227539
52798	10.250028610229492
52844	6.250017166137695
52901	11.75002670288086
52961	0
53013	-3.0
53073	0
53143	0
53207	-1.0
53271	14.250032424926758
53314	-5.0
53364	0
53415	0
53481	13.450033187866211
53532	10.450021743774414
53596	-4.0
53641	9.000016212463379
53697	8.350025177001953
53763	14.450033187866211
53805	0
53867	12.700030326843262
53929	-1.0
53988	0
54032	-3.0
54087	7.30002498626709
54154	0
54214	12.350028991699219
54259	-3.0
54303	0
54355	-2.0
54414	0
54472	-5.0
54528	-4.0
54579	0
54638	0
54706	14.150035858154297
54755	7.900019645690918
54818	-3.0
54866	-1.0
54913	-2.0
54956	7.650014877319336
55024	14.75003433227539
55072	0
55132	10.300028800964355
55177	7.200016975402832
55237	0
55291	10.950023651123047
55358	13.6000337600708
55403	6.900015830993652
55446	-3.0
55491	-2.0
55535	0
55574	1.7000112533569336
55634	10.050027847290039
55698	-2.0
55759	12.600029945373535
55824	-1.0
55884	11.150028228759766
55945	-1.0
55988	-8.0
56001	11.90003490447998
56068	0
56114	5.1000165939331055
56157	0
56216	0
56261	8.000016212463379
56307	-1.0
56354	9.400017738342285
56407	-3.0
56468	0
56521	9.650022506713867
56588	0
56635	9.450017929077148
56679	0
56738	0
56777	4.80001163482666
56823	-1.0
56863	0
56935	-2.0
56997	-1.0
57040	-5.0
57101	0
57157	1.0
57202	-6.0
57257	-2.0
57307	0
57374	13.550033569335938
57419	8.900015830993652
57489	0
57549	12.300028800964355
57599	7.950019836425781
57641	-2.0
57705	10.900031089782715
57764	-5.0
57808	0
57866	0
57904	4.600010871887207
57973	-6.0
58023	-5.0
58068	-1.0
58109	5.25001335144043
58176	13.6000337600708
58219	6.550014495849609
58286	0
58336	10.200020790100098
58384	-3.0
58427	8.600014686584473
58478	-5.0
58541	11.950031280517578
58608	0.0
58673	13.450033187866211
58739	0
58793	0
58839	0
58901	13.050031661987305
58953	10.450021743774414
59000	-1.0
59063	12.800030708312988
59116	0.0
59196	13.550033569335938
59243	6.250017166137695
59289	0
59380	16.099994659423828
59449	0
59496	-4.0
59545	-2.0
59596	-2.0
59658	12.650030136108398
59736	0
59809	0
59853	5.650014877319336
59898	6.050016403198242
59966	-1.0
60001	5.4000139236450195
60047	0
60091	-4.0
60159	13.850034713745117
60226	0
60268	6.450014114379883
60332	-2.0
60388	11.500025749206543
60444	0
60514	0
60570	0
60614	-3.0
60680	13.450033187866211
60746	13.450033187866211
60799	10.750022888183594
60860	-1.0
60917	-1.0
60985	13.950035095214844
61053	-1.0
61098	0
61162	0
61210	0
61256	9.000016212463379
61320	-7.0
61384	-2.0
61455	0
61516	13.450029373168945
61585	13.950035095214844
61646	-1.0
61708	-1.0
61755	-4.0
61797	8.600014686584473
61858	-1.0
61922	7.700030326843262
61976	10.750022888183594
62035	0
62083	9.750019073486328
62134	8.200020790100098
62180	0
62243	13.000031471252441
62312	0
62375	0
62425	-1.0
62496	0
62543	0
62592	-4.0
62658	13.6000337600708
62712	9.900023460388184
62780	10.000035285949707
62828	8.450017929077148
62896	-1.0
62960	-5.0
63040	16.400035858154297
63103	0
63170	12.700034141540527
63235	10.200032234191895
63278	-5.0
63325	1.0
63375	7.0000200271606445
63431	-5.0
63506	-6.0
63573	12.90003490447998
63642	1.0
63691	-3.0
63743	0
63801	7.9500274658203125
63863	9.750030517578125
63930	0
63992	-2.0
64001	11.90002727508545
64065	-1.0
64118	5.450021743774414
64189	-8.0
64244	-2.0
64324	0
64382	-2.0
64454	0
64522	-1.0
64591	-1.0
64653	1.0
64721	-2.0
64797	-2.0
64873	9.750041961669922
64936	10.550029754638672
65013	15.750041961669922
65074	12.300028800964355
65141	-2.0
65205	9.050031661987305
65284	-3.0
65345	0
65398	10.70002269744873
65471	0
65541	-4.0
65596	-6.0
65646	10.000020027160645
65719	0
65787	-2.0
65842	-3.0
65918	0
65974	-1.0
66044	0
66105	10.350028991699219
66179	-3.0
66260	16.600032806396484
66322	-4.0
66394	-4.0
66448	-4.0
66514	13.300032615661621
66578	13.150032043457031
66656	-1.0
66724	13.700034141540527
66809	0
66882	15.050039291381836
66967	-2.0
67021	0
67075	0
67130	0
67199	13.000035285949707
67281	1.0
67346	-1.0
67412	-2.0
67487	12.550041198730469
67568	16.50003433227539
67626	-2.0
67700	-1.0
67749	-2.0
67808	12.000027656555176
67870	9.250028610229492
67941	10.250036239624023
68001	16.900028228759766
68077	13.350040435791016
68128	-4.0
68207	16.05004119873047
68270	0
68471	33.199642181396484
68520	-4.0
68602	-6.0
68652	-2.0
68727	11.200039863586426
68807	-2.0
68857	-2.0
68936	-1.0
69001	-1.0
69055	0
69107	8.40002155303955
69179	14.65003776550293
69230	0
69311	0
69365	0
69415	-5.0
69471	10.100024223327637
69556	17.700016021728516
69636	-1.0
69707	13.450037002563477
69790	-5.0
69846	11.1500244140625
69928	1.0
69997	13.05003547668457
70074	-5.0
70151	15.650041580200195
70223	14.550037384033203
70296	15.150039672851562
70368	-4.0
70417	9.800019264221191
70476	0
70547	11.50003719329834
70610	-6.0
70687	0
70765	15.700041770935059
70821	0
70898	15.550041198730469
70958	-4.0
71027	12.05003547668457
71101	10.80003833770752
71160	11.60002613067627
71207	5.350017547607422
71262	-2.0
71353	-1.0
71409	0
71494	6.3500213623046875
71576	16.600032806396484
71640	11.200032234191895
71698	-1.0
71760	-5.0
71820	12.000027656555176
71903	-5.0
71977	-2.0
72001	12.500029563903809
72061	-2.0
72137	0
72210	-1.0
72289	-2.0
72350	-1.0
72429	-1.0
72494	-7.0
72561	0
72618	9.650026321411133
72700	0
72774	-2.0
72847	0
72913	-3.0
72986	0
73041	11.200024604797363
73110	11.05003547668457
73191	12.400035858154297
73248	11.550025939941406
73306	7.850027084350586
73383	10.650041580200195
73465	16.700031280517578
73522	-3.0
73594	10.550037384033203
73670	14.650041580200195
73748	-1.0
73808	-5.0
73859	3.300021171569824
73927	11.550033569335938
73994	0
74067	-1.0
74130	12.650030136108398
74179	-1.0
74258	17.05004119873047
74349	-3.0
74434	11.200023651123047
74530	18.04998016357422
74616	17.500019073486328
74677	-2.0
74750	-2.0
74830	-2.0
74894	-3.0
74952	8.400025367736816
75034	17.050025939941406
75093	0
75163	0.0
75236	-1.0
75298	-3.0
75388	-5.0
75463	13.400040626525879
75542	14.050041198730469
75614	11.65003776550293
75815	34.44963836669922
75894	-2.0
75956	12.650030136108398
76001	17.80001449584961
76068	0
76127	0
76216	17.200008392333984
76293	9.900042533874512
76402	14.299945831298828
76480	-2.0
76551	-2.0
76696	-4.0
76770	0
76859	0
76918	-3.0
76990	12.700037956237793
77073	16.950027465820312
77154	-2.0
77229	-4.0
77320	0
77398	-2.0
77455	-1.0
77511	-1.0
77579	10.75003433227539
77665	-2.0
77745	-2.0
77826	-2.0
77915	-3.0
78002	0
78076	-2.0
78161	11.600017547607422
78221	0
78274	-4.0
78350	-2.0
78420	0
78499	15.100040435791016
78552	8.600022315979004
78627	0
78705	16.000041961669922
78779	-1.0
78851	0
78941	17.400005340576172
79024	12.200023651123047
79078	10.900023460388184
79161	-2.0
79245	-2.0
79326	0
79400	-2.0
79482	0
79548	13.300032615661621
79599	-2.0
79664	0
79777	21.69992446899414
79851	-4.0
79915	-2.0
79975	-2.0
80001	8.400025367736816
80089	17.150009155273438
80145	-2.0
80202	11.400025367736816
80267	0
80365	20.249977111816406
80430	-9.0
80506	0
80569	-1.0
80655	17.45001983642578
80735	16.400035858154297
80817	12.1500244140625
80878	12.550029754638672
80947	11.90003490447998
81020	-1.0
81087	13.500033378601074
81172	12.350021362304688
81250	15.500041007995605
81318	-1.0
81382	0
81469	-1.0
81529	-5.0
81604	16.300040245056152
81669	-3.0
81756	17.750015258789062
81829	-3.0
81913	13.600017547607422
81968	-2.0
82055	17.65001678466797
82105	10.050020217895508
82190	0
82254	-2.0
82342	-1.0
82409	11.650033950805664
82502	0
82590	-1.0
82681	13.89999771118164
82772	18.849998474121094
82839	13.500033378601074
82912	0
82972	0
83049	15.850042343139648
83133	15.050025939941406
83221	17.850013732910156
83304	0
83380	-2.0
83464	16.250022888183594
83531	12.450033187866211
83587	7.050024032592773
83669	0
83732	12.650030136108398
83823	18.949996948242188
83909	15.700016021728516
83993	-1.0
84001	17.400020599365234
84058	-2.0
84123	13.250032424926758
84214	14.999996185302734
84302	0
84365	0
84453	-1.0
84535	0
84608	12.750038146972656
84696	0
84789	19.299991607666016
84872	0
84936	11.050031661987305
85023	15.650016784667969
85111	19.200008392333984
85198	17.65001678466797
85283	12.30002212524414
85342	0
85441	21.64997100830078
85526	-3.0
85622	-3.0
85687	13.350032806396484
85780	-2.0
85856	15.750041961669922
85944	-5.0
86007	12.600029945373535
86101	-1.0
86189	18.10000991821289
86268	15.050041198730469
86327	0
86401	-1.0
86509	22.849937438964844
86592	0
86674	16.550033569335938
86762	15.650016784667969
86824	10.450029373168945
86891	-4.0
86990	-4.0
87078	-2.0
87171	0
87372	-7.0
87471	0
87562	-3.0
87629	-4.0
87696	11.350032806396484
87774	7.900042533874512
87861	1.0
87925	-1.0
87989	-1.0
88001	14.50003719329834
88058	0
88142	-1.0
88229	-3.0
88284	-2.0
88374	19.400005340576172
88464	18.300006866455078
88570	21.899951934814453
88661	13.799999237060547
88752	12.650001525878906
88832	-1.0
88916	17.00002670288086
89000	0
89097	16.3499755859375
89184	-2.0
89240	11.1500244140625
89325	15.250022888183594
89415	18.300006866455078
89517	-1.0
89607	0
89674	8.550033569335938
89751	-4.0
89826	-2.0
89906	0
89983	15.850042343139648
90086	-2.0
90175	-3.0
90266	-1.0
90357	18.89999771118164
90420	7.500029563903809
90476	-7.0
90563	15.80001449584961
90657	-2.0
90740	17.1500244140625
90828	-1.0
90919	0
91009	0
91092	-8.0
91175	-5.0
91236	8.150028228759766
91301	-2.0
91361	-6.0
91430	1.0
91488	9.850027084350586
91543	-1.0
91637	19.24999237060547
91724	-3.0
91815	0
91924	0
91997	14.65003776550293
92001	10.300040245056152
92100	0
92181	-1.0
92263	16.050025939941406
92352	-2.0
92442	-5.0
92531	-5.0
92595	10.850030899047852
92691	0
92750	10.700026512145996
92848	1.0
92931	17.050025939941406
93041	23.74993896484375
93134	19.24999237060547
93216	16.800029754638672
93299	-5.0
93372	0
93451	-2.0
93541	16.550003051757812
93598	-6.0
93690	0
93781	18.60000228881836
93877	-2.0
93958	-2.0
94019	-3.0
94080	9.150028228759766
94142	11.500029563903809
94244	18.949966430664062
94329	15.400020599365234
94425	16.599987030029297
94488	0
94570	0
94632	-1.0
94729	-1.0
94787	-8.0
94874	17.150009155273438
94944	14.05003547668457
95044	20.449974060058594
95131	16.95001220703125
95197	10.450033187866211
95273	0
95363	0
95440	0
95523	0
95611	15.000011444091797
95713	19.249961853027344
95776	0
95869	1.0
95956	15.10000991821289
96001	20.64997100830078
96085	-2.0
96186	0
96256	0
96317	10.550029754638672
96429	20.59994125366211
96520	0
96619	-3.0
96718	20.3499755859375
96804	17.850013732910156
96880	8.900038719177246
96945	13.100031852722168
97009	7.950031280517578
97103	18.299991607666016
97176	12.900038719177246
97250	14.750038146972656
97344	0
97436	0
97507	0
97613	21.999950408935547
97717	-6.0
97811	18.149993896484375
97897	18.600017547607422
97984	17.80001449584961
98077	19.199993133544922
98145	0
98257	19.24993133544922
98317	0
98403	17.500019073486328
98476	-3.0
98570	15.149993896484375
98663	-1.0
98763	0
98856	18.999996185302734
98945	0
99015	0
99109	19.199993133544922
99199	14.450004577636719
99295	-1.0
99447	23.04979705810547
99550	19.199962615966797
99658	1.0
99796	-4.0
99892	16.54998779296875
99964	13.000039100646973
100001	15.850042343139648
100106	0
100177	14.35003662109375
100247	14.150035858154297
100315	9.850034713745117
100421	-3.0
100519	-6.0
100719	32.049644470214844
100802	0
100886	18.400020599365234
100956	13.000035285949707
101047	13.650001525878906
101146	0
101215	14.150035858154297
101304	16.350006103515625
101370	10.200032234191895
101487	24.19991683959961
101577	-5.0
101644	-3.0
101709	11.450033187866211
101910	-3.0
101985	0
102058	0
102131	-5.0
102219	18.25000762939453
102311	18.89999771118164
102384	0
102473	-1.0
102568	15.349990844726562
102641	-2.0
102757	24.04991912841797
102825	12.550033569335938
102886	10.250028610229492
102953	1.0
103046	1.0
103128	-2.0
103195	-1.0
103283	15.850013732910156
103383	-2.0
103454	-4.0
103529	15.250040054321289
103602	0
103708	21.79995346069336
103800	19.04999542236328
103897	20.099979400634766
104001	20.74993896484375
104096	18.39999008178711
104196	21.549972534179688
104279	15.900028228759766
104380	21.099964141845703
104484	-4.0
104576	-5.0
104675	0
104777	-4.0
104880	0
105005	-6.0
105076	0
105160	16.30002212524414
105263	0
105355	14.999996185302734
105423	13.6000337600708
105624	-4.0
105695	9.450037002563477
105770	0
105867	20.19997787475586
105969	-1.0
106069	0
106172	21.14996337890625
106273	-5.0
106372	20.599971771240234
106466	0
106566	19.749969482421875
106669	22.399959564208984
106741	14.50003719329834
106814	0
106904	14.60000228881836
107010	1.0
107116	19.899951934814453
107214	20.04998016357422
107308	0
107397	16.400005340576172
107471	15.1000394821167
107549	13.750041961669922
107605	11.050024032592773
107677	-1.0
107765	-1.0
107849	17.250022888183594
107919	-6.0
107988	13.950035095214844
108001	18.299945831298828
108085	-1.0
108185	19.64997100830078
108332	-4.0
108408	0
108489	9.800029754638672
108593	-1.0
108687	19.099994659423828
108795	-8.0
108888	19.149993896484375
108979	-2.0
109063	14.250022888183594
109152	18.350006103515625
109248	1.0
109345	19.999980926513672
109449	0
109519	14.450037002563477
109605	12.600017547607422
109702	0
109806	-1.0
109905	-6.0
109969	12.100031852722168
110076	21.849952697753906
110171	14.449989318847656
110267	13.69998550415039
110367	-1.0
110463	19.69998550415039
110554	-5.0
110654	20.64997100830078
110726	14.700037956237793
110816	-2.0
110942	27.299884796142578
111035	1.0
111095	7.700026512145996
111163	0
111293	27.199871063232422
111358	7.150032043457031
111454	19.799983978271484
111518	0
111584	0
111674	-2.0
111748	-3.0
111852	-2.0
111939	17.95001220703125
112017	31.949691772460938
112121	0
112227	-2.0
112334	21.999950408935547
112427	19.04999542236328
112536	20.399944305419922
112638	21.099964141845703
112734	0
112837	18.199962615966797
112944	0
113050	22.699954986572266
113153	21.499958038330078
113231	15.750041961669922
113299	-2.0
113398	20.399974822998047
113495	19.749984741210938
113583	18.350006103515625
113686	20.99996566772461
113767	-3.0
113839	-6.0
113935	19.54998779296875
114042	-1.0
114126	-7.0
114196	6.000035285949707
114293	-10.0
114396	21.199962615966797
114473	13.950042724609375
114569	19.799983978271484
114644	13.150039672851562
114718	-1.0
114816	16.249977111816406
114927	23.04993438720703
115021	19.499988555908203
115094	-2.0
115180	16.80001449584961
115278	20.099979400634766
115383	21.549957275390625
115480	20.099979400634766
115559	15.650041580200195
115654	-7.0
115764	0
115875	23.149932861328125
115980	0
116001	24.199901580810547
116072	14.35003662109375
116175	19.049964904785156
116275	20.699970245361328
116347	15.550037384033203
116430	-2.0
116529	20.49997329711914
116622	-2.0
116684	10.700030326843262
116776	-3.0
116885	1.0
116955	14.300036430358887
117054	-3.0
117149	19.949981689453125
117253	-6.0
117362	22.549942016601562
117456	16.299991607666016
117559	0
117648	-5.0
117755	21.949951171875
117865	22.649940490722656
117942	-4.0
118018	0
118123	16.899951934814453
118214	15.75
118286	0
118431	28.24982452392578
118509	15.850042343139648
118612	21.349960327148438
118785	29.249732971191406
118879	19.449989318847656
118973	17.449989318847656
119077	1.0
119176	1.0
119256	16.20003890991211
119326	12.150035858154297
119459	-1.0
119560	20.749969482421875
119761	39.24964141845703
119857	19.999980926513672
119945	15.900012969970703
120001	10.350040435791016
120101	16.49997329711914
120239	1.0
120343	0
120450	21.899951934814453
120558	22.049949645996094
120686	26.499881744384766
120793	23.24994659423828
120889	0
120963	13.900038719177246
121069	-2.0
121160	17.700000762939453
121231	10.50003719329834
121329	-5.0
121442	0
121504	-1.0
121578	-1.0
121686	20.44994354248047
121754	0
121865	19.89993667602539
121950	0
122054	0
122125	-4.0
122202	9.650041580200195
122276	-4.0
122370	0
122439	11.05003547668457
122557	0
122622	13.300032615661621
122700	14.850042343139648
122802	0
122926	24.64989471435547
123036	23.74993896484375
123142	22.749954223632812
123218	-2.0
123298	16.20003890991211
123391	0
123495	21.549957275390625
123600	16.499958038330078
123706	0.0
123826	0
123893	-2.0
123998	0
124001	19.149993896484375
124096	20.149993896484375
124204	21.999950408935547
124312	23.199947357177734
124417	-2.0
124490	14.95003890991211
124586	-3.0
124661	-2.0
124755	0.0
124858	18.29996109008789
124955	1.0
125134	0
125217	0
125326	1.0
125402	-4.0
125488	11.650016784667969
125565	0
125643	-1.0
125721	-4.0
125786	14.350032806396484
125858	8.550037384033203
125924	13.550033569335938
126059	29.04985809326172
126170	-1.0
126256	-1.0
126351	0
126454	-1.0
126533	11.900042533874512
126606	8.65003776550293
126807	-2.0
126885	0
126967	16.700031280517578
127041	0
127155	15.5499267578125
127255	1.0
127336	-1.0
127446	-1.0
127566	22.99990463256836
127663	1.0
127739	15.400040626525879
127850	0
127953	22.29996109008789
128001	16.499988555908203
128070	13.05003547668457
128155	-3.0
128270	-6.0
128456	35.19968795776367
128569	-1.0
128641	14.700037956237793
128713	0
128784	-4.0
128868	0
128934	-2.0
128998	11.950031280517578
129138	-1.0
129214	15.550041198730469
129305	0
129490	-3.0
129558	-3.0
129660	0
129732	-5.0
129843	22.89993667602539
129932	15.350006103515625
130032	-3.0
130100	14.000035285949707
130215	-2.0
130327	0
130410	0
130518	1.0
130630	0
130747	24.249916076660156
130846	-2.0
130932	13.350021362304688
131031	0
131145	0
131257	0
131365	21.999950408935547
131439	-4.0
131544	0
131635	-1.0
131740	21.599956512451172
131827	-3.0
131904	12.650041580200195
132001	19.799938201904297
132103	21.549957275390625
132180	15.400040626525879
132258	13.850042343139648
132357	-1.0
132478	1.0
132590	21.24993133544922
132791	40.39963912963867
132905	-1.0
133009	22.64995574951172
133099	18.350006103515625
133171	14.80003833770752
133286	22.499927520751953
133401	1.0
133484	12.850028991699219
133568	0
133670	22.249961853027344
133763	-4.0
133838	0
133915	0
133994	-5.0
134071	0
134183	-1.0
134295	-1.0
134390	17.39999008178711
134473	16.750030517578125
134552	12.20003890991211
134636	0
134715	16.000041961669922
134795	-3.0
134900	18.64995574951172
134984	15.550018310546875
135073	18.25000762939453
135173	18.749969482421875
135252	14.950042724609375
135372	25.899906158447266
135456	0
135588	25.24987030029297
135704	24.999919891357422
135793	18.300006866455078
135875	-4.0
135975	0
136001	15.600032806396484
136069	0
136178	22.44994354248047
136289	22.799938201904297
136371	16.900028228759766
136487	0
136598	23.89993667602539
136669	14.450037002563477
136741	-1.0
136830	16.60000228881836
136969	1.0
137082	23.299930572509766
137206	23.699893951416016
137327	0
137396	-2.0
137514	19.49991226196289
137622	0
137704	0
137810	-1.0
137914	20.699954986572266
138017	-2.0
138099	0
138202	0
138283	0
138361	0
138475	23.449928283691406
138582	-2.0
138664	0
138777	24.24993133544922
138864	0
138936	14.50003719329834
139008	14.700037956237793
139085	15.650041580200195
139166	0
139260	19.649986267089844
139370	22.799938201904297
139456	-3.0
139546	18.45000457763672
139656	-4.0
139739	14.30002212524414
139837	0
139950	-4.0
140001	24.94989013671875
140096	-7.0
140211	1.0
140301	-3.0
140388	17.95001220703125
140519	-2.0
140606	17.750015258789062
140713	21.149948120117188
140798	-2.0
140881	0
140951	14.100035667419434
141085	-1.0
141196	22.999935150146484
141265	0
141376	0
141485	19.499942779541016
141624	29.14984130859375
141732	22.44994354248047
141852	1.0
141926	0
142038	-1.0
142120	15.600032806396484
142204	17.30002212524414
142405	35.199642181396484
142493	-3.0
142637	27.149826049804688
142727	18.400005340576172
142809	0
142887	0
142986	0
143077	0
143191	20.749923706054688
143267	15.500041007995605
143374	-5.0
143475	20.799968719482422
143554	14.000041961669922
143661	0
143740	-3.0
143817	0
143915	0
143992	11.900042533874512
144001	18.25000762939453
144098	20.249977111816406
144207	22.549942016601562
144308	1.0
144382	10.050039291381836
144489	-1.0
144607	-1.0
144729	0
144804	15.200039863586426
144915	20.399944305419922
145022	19.949951171875
145132	0
145209	-5.0
145335	26.849891662597656
145427	-2.0
145628	-7.0
145735	-5.0
145845	19.699939727783203
145948	21.29996109008789
146069	0
146180	-1.0
146302	25.399898529052734
146411	18.349945068359375
146521	-7.0
146636	0
146737	20.799968719482422
146843	0
146951	21.299945831298828
147027	-5.0
147110	-1.0
147229	0
147329	0
147412	15.950027465820312
147494	14.50003433227539
147602	20.399944305419922
147720	22.449913024902344
147799	16.100040435791016
147894	19.599987030029297
147977	-5.0
148003	27.649864196777344
148118	1.0
148201	-2.0
148402	36.44963836669922
148502	-1.0
148577	-5.0
148662	0
148772	0
148883	18.999935150146484
149005	-2.0
149093	17.95001220703125
149179	17.500019073486328
149256	0
149373	-1.0
149454	13.300037384033203
149565	23.849937438964844
149689	20.94989013671875
149827	28.899845123291016
149912	13.350021362304688
149985	-1.0
150121	28.599849700927734
150212	0
150306	-3.0
150385	13.000041961669922
150470	16.30002212524414
150588	0.0
150706	24.49991226196289
150785	16.150039672851562
150869	17.00002670288086
150956	0
151071	-1.0
151186	17.649925231933594
151279	-1.0
151375	0
151489	0
151607	22.299915313720703
151737	26.89987564086914
151816	15.20003890991211
151945	26.799877166748047
152001	24.799907684326172
152120	0
152194	14.95003890991211
152277	0
152362	-1.0
152484	25.29990005493164
152604	23.749908447265625
152677	14.80003833770752
152789	24.349929809570312
152864	0
152988	21.749893188476562
153123	28.04985809326172
153203	16.20003890991211
153311	0.0
153407	18.749984741210938
153534	-1.0
153649	23.599925994873047
153742	-2.0
153816	0
153927	-6.0
154009	0
154108	0
154180	0
154285	-1.0
154409	-1.0
154502	20.099994659423828
154631	27.699878692626953
154724	17.149993896484375
154849	23.049888610839844
154933	-1.0
155013	0
155085	-2.0
155173	17.80001449584961
155287	0.0
155484	0
155561	16.650041580200195
155660	-3.0
155745	13.250022888183594
155822	-1.0
155934	20.999935150146484
156001	23.349884033203125
156113	23.449928283691406
156190	0
156281	0
156383	-3.0
156500	-2.0
156596	16.449989318847656
156684	17.900012969970703
156806	27.499897003173828
156890	-2.0
156986	-3.0
157108	1.0
157186	14.800042152404785
157319	27.999858856201172
157436	25.149917602539062
157525	17.350006103515625
157628	21.14996337890625
157764	1.0
157877	-3.0
157957	0
158076	25.749908447265625
158195	-1.0
158312	26.49991226196289
158445	27.799861907958984
158569	-1.0
158686	24.249916076660156
158831	30.049827575683594
159008	-6.0
159123	0
159210	16.80001449584961
159296	0
159401	0
159518	25.099918365478516
159610	-2.0
159714	21.199962615966797
159832	24.19991683959961
159924	15.650001525878906
160001	13.850013732910156
160109	23.59994125366211
160208	-2.0
160333	25.899890899658203
160455	0
160574	1.0
160660	16.750015258789062
160743	0
160862	-4.0
160935	9.050039291381836
161056	25.049903869628906
161150	18.599987030029297
161264	24.5499267578125
161345	16.50003433227539
161432	14.850013732910156
161550	1.0
