60	21.5
138	42.0
201	31.15001678466797
281	19.5
344	34.0
406	17.350017547607422
485	26.0
532	28.850017547607422
581	28.5
624	15.100016593933105
698	69.7000322341919
760	47.85002136230469
803	26.300013542175293
856	24.5
911	23.0
977	15.0
1060	37.0
1123	57.25001907348633
1208	30.5
1265	15.250017166137695
1351	38.0
1423	31.5
1479	25.400017738342285
1563	25.5
1626	30.000014305114746
1678	37.5
1719	25.500014305114746
1771	63.2000150680542
1825	33.00001811981201
1876	40.5
1941	35.1500186920166
2013	48.5
2070	35.0
2141	39.0
2201	12.700020790100098
2256	24.0
2328	37.5
2389	45.5
2439	23.900017738342285
2491	21.0
2537	22.0
2602	34.0
2685	40.85003852844238
2734	24.350017547607422
2782	61.950016021728516
2822	5.0
2880	24.0
2970	29.150033950805664
3002	15.5
3049	13.15001106262207
3094	10.5
3154	3.0
3206	21.550016403198242
3256	19.5
3331	21.0
3382	26.65001678466797
3430	18.0
3496	43.5
3580	31.5
3634	22.5
3686	13.5
3732	25.0
3774	16.5
3830	69.6500186920166
3904	9.5
3949	14.5
4001	30.10001850128174
4050	23.5
4105	23.300007820129395
4184	36.25002479553223
4248	28.950027465820312
4277	18.0
4333	17.0
4398	12.5
4469	43.6000280380249
4506	7.5
4555	29.30001926422119
4601	21.15001678466797
4662	69.00002384185791
4727	18.0
4793	24.5
4899	32.0
4957	18.25001335144043
5006	16.5
5081	47.00003528594971
5146	27.100028038024902
5168	19.14999771118164
5213	21.5
5265	26.550016403198242
5334	47.70003032684326
5389	34.05001449584961
5441	39.90002155303955
5512	49.85003089904785
5588	27.0
5654	26.5
5707	18.0
5778	42.0
5828	33.20001697540283
5915	20.0
5977	65.0
6009	17.10000705718994
6065	19.5
6098	10.0
6149	23.5
6212	45.0
6262	29.650014877319336
6318	70.5
6373	18.0
6455	71.60003185272217
6505	25.5
6581	32.0
6624	18.5
6696	27.5
6729	21.5
6797	15.5
6851	30.0
6925	65.65002822875977
6970	20.000014305114746
7020	25.00001621246338
7099	64.0
7162	4.5
7209	14.0
7274	48.650028228759766
7349	56.850032806396484
7432	60.600029945373535
7481	20.50001621246338
7531	50.45001411437988
7585	22.6500186920166
7638	19.0
7696	53.0
7762	42.5
7815	52.30001926422119
7869	30.0
7915	7.5
7990	46.900031089782715
8001	13.300017356872559
8069	22.5
8138	32.400031089782715
8187	17.5
8262	55.0
8323	13.5
8376	41.5
8431	32.1500186920166
8483	9.0
8553	53.45003128051758
8616	43.5
8676	13.0
8749	58.6000337600708
8829	65.00002956390381
8896	36.0
8975	40.0
9043	19.5
9086	26.55001449584961
9146	11.5
9216	38.80003070831299
9298	43.5
9369	41.0
9414	22.400015830993652
9484	41.0
9554	5.5
9610	16.5
9666	45.5
9725	19.0
9797	43.5
9868	33.75001907348633
9941	20.5
10011	13.5
10081	72.75002670288086
10139	17.0
10216	59.0
10267	20.5
10337	59.35003089904785
10390	20.5
10438	18.250017166137695
10522	41.0
10584	29.250022888183594
10673	42.550031661987305
10747	24.6500186920166
10797	16.0
10855	42.5
10910	18.0
10985	35.20003032684326
11044	36.55002212524414
11100	24.95001792907715
11176	49.750030517578125
11245	24.0
11307	38.700018882751465
11362	14.0
11433	21.0
11499	26.450014114379883
11561	4.5
11637	64.10002994537354
11710	46.0
11764	32.70001697540283
11807	25.5
11863	27.250017166137695
11911	13.5
11987	36.5
12001	15.950014114379883
12046	27.5
12117	32.25002861022949
12190	69.25003051757812
12239	19.5
12288	31.15001678466797
12335	21.0
12382	29.10001850128174
12424	10.700007438659668
12510	12.0
12540	17.5
12620	50.75003433227539
12697	28.0
12768	29.5
12815	10.5
12887	41.6500301361084
12942	35.1500186920166
12991	23.550018310546875
13042	39.0
13071	31.5
13119	26.5
13172	35.45001792907715
13219	25.700016975402832
13274	34.0
13325	18.0
13354	25.5
13422	6.5
13496	53.70003032684326
13579	61.80003261566162
13665	35.50003910064697
13712	30.10001850128174
13775	28.400017738342285
13853	56.5
13925	24.5
13990	20.5
14077	27.600029945373535
14122	29.0
14198	47.0
14252	17.40002155303955
14326	33.5
14397	56.5
14452	-21.54998016357422
14527	30.95003318786621
14581	14.0
14632	20.0
14674	13.5
14738	56.5
14817	61.0
14903	64.6500358581543
14950	25.5
14998	20.55001449584961
15075	54.0
15150	47.0
15210	62.50002574920654
15269	47.750022888183594
15324	32.200018882751465
15406	35.0
15451	18.0
15474	10.5
15521	19.5
15600	23.45001983642578
15669	19.5
15720	25.0
15791	34.5
15857	28.30002498626709
15922	50.650028228759766
16001	62.100029945373535
16038	12.5
16089	25.5
16162	45.900031089782715
16201	12.0
16247	28.5
16313	41.800028800964355
16381	29.0
16446	41.0
16495	19.0
16566	22.95003318786621
16612	21.0
16666	16.5
16734	28.5
16784	15.5
16860	33.0
16937	21.0
16997	20.100014686584473
17063	34.5
17087	25.5
17164	60.65002632141113
17226	40.60002613067627
17295	45.5
17349	43.35002136230469
17421	31.050024032592773
17490	42.5
17557	39.5
17601	22.5
17624	21.149999618530273
17691	21.5
17730	16.0
17800	9.5
17872	38.0
17933	26.05002212524414
18002	46.0
18075	44.450029373168945
18129	26.00001621246338
18197	10.0
18251	29.150014877319336
18282	22.95000457763672
18334	46.5
18354	17.99999737739563
18439	55.5
18520	21.0
18576	31.750017166137695
18632	41.30002498626709
18708	55.60003185272217
18779	52.0
18842	47.5
18904	32.5
18940	24.5
19021	40.0
19086	62.70002269744873
19149	30.0
19188	14.150007247924805
19268	32.5
19325	41.0
19378	19.65001678466797
19449	36.0
19545	24.100041389465332
19597	24.0
19652	15.5
19751	34.00003147125244
19810	10.5
19881	38.0
19948	22.5
20001	31.300021171569824
20050	16.5
20120	46.85003089904785
20170	23.350017547607422
20255	43.5
20330	39.95002746582031
20396	39.30003070831299
20448	18.0
20522	46.65003204345703
20571	5.0
20636	53.0
20715	47.0
20789	35.0
20844	19.5
20908	23.5
20972	20.00001811981201
21038	20.0
21109	44.5
21204	37.65003204345703
21252	19.5
21318	36.0
21410	21.0
21482	30.250017166137695
21544	16.5
21604	73.5
21657	53.350019454956055
21737	61.50003147125244
21801	33.500027656555176
21852	21.5
21918	17.85001564025879
21984	26.6500186920166
22049	14.5
22104	30.050018310546875
22180	34.90003299713135
22238	14.5
22276	6.0
22346	62.80003070831299
22389	63.10001277923584
22456	31.0
22537	57.40003299713135
22612	23.5
22682	47.0
22755	65.5
22816	13.5
22881	49.65002632141113
22926	18.400012016296387
22972	27.000014305114746
23030	14.5
23100	60.05002975463867
23140	20.15001106262207
23227	43.5
23293	20.35003089904785
23362	48.0
23459	51.85003471374512
23495	20.750009536743164
23549	42.5
23643	33.0
23698	45.0
23772	43.850032806396484
23827	22.0
23868	47.5
23947	36.0
23994	28.700016975402832
24001	20.500021934509277
24066	12.5
24118	50.0
24220	39.5
24267	10.5
24317	21.0
24368	16.5
24441	15.5
24503	33.6500186920166
24551	18.0
24632	34.5
24697	25.80002498626709
24749	28.45001792907715
24783	26.0
24859	54.40002727508545
24936	27.0
24996	74.5
25065	48.5
25119	20.5
25187	28.650028228759766
25255	40.5
25304	10.5
25372	35.50002956390381
25421	16.5
25477	42.95002365112305
25562	45.25004005432129
25623	27.0
25697	52.50003147125244
25769	28.0
25821	21.0
25874	6.0
25928	21.350017547607422
25980	39.60001850128174
26026	10.0
26106	50.00003528594971
26181	43.0
26249	65.45003128051758
26306	19.6500186920166
26378	14.0
26446	76.6000280380249
26496	20.5
26590	46.70003032684326
26665	32.0
26729	16.5
26820	87.40003681182861
26880	27.80002498626709
26949	27.250017166137695
27018	61.0
27076	42.10002040863037
27133	13.0
27184	14.0
27248	63.1000280380249
27316	14.0
27378	47.0
27447	24.5
27513	50.50002574920654
27562	12.0
27631	41.0
27683	24.30001163482666
27748	34.5
27830	80.5
27895	40.5
27973	49.900031089782715
28001	14.90001392364502
28063	22.0
28123	54.1500244140625
28187	21.0
28267	36.15002632141113
28342	37.5
28409	35.5
28533	85.94994354248047
28566	22.350006103515625
28615	34.75001525878906
28665	37.40001583099365
28756	39.5
28782	19.0
28842	8.5
28915	21.0
28975	20.0
29045	34.0
29104	20.6500186920166
29183	51.05003547668457
29252	56.0
29323	23.0
29406	49.5
29469	38.450029373168945
29515	19.0
29591	43.5
29667	50.0
29725	74.20001888275146
29788	29.400023460388184
29842	18.1500186920166
29894	2.0
29944	19.0
30013	58.1000280380249
30095	56.55002784729004
30136	50.45001029968262
30199	21.5
30268	12.5
30321	26.750017166137695
30395	39.0
30437	46.0
30479	29.5
30550	37.20002841949463
30653	24.5
30756	62.5
30824	63.0
30867	34.60001468658447
30933	80.45002746582031
30985	31.750017166137695
31025	13.0
31085	44.45002555847168
31132	43.0
31191	32.450016021728516
31278	46.25003242492676
31339	53.5
31399	35.0
31472	19.5
31526	28.45001983642578
31870	84.149658203125
31910	13.800004005432129
31954	28.450014114379883
32001	45.25002479553223
32072	34.5
32140	47.900031089782715
32217	69.45003318786621
32317	30.0
32365	23.7000150680542
32399	21.0
32475	33.0
32534	32.0
32581	24.0
32645	46.80002689361572
32711	28.600016593933105
32789	49.1500301361084
32838	16.0
32914	23.5
32966	28.5
33029	68.45002555847168
33080	23.60001850128174
33144	51.0
33200	41.0
33256	18.5
33284	29.350004196166992
33377	43.85003662109375
33434	34.25001907348633
33494	5.0000200271606445
33566	28.5
33641	41.90003299713135
33741	72.10004043579102
33789	23.5
33863	35.0
33915	29.0
33968	47.050018310546875
34018	24.700016975402832
34104	49.5
34177	52.55002975463867
34240	39.10001850128174
34287	16.5
34322	24.0
34395	34.900031089782715
34461	21.0
34525	58.5
34591	18.0
34654	28.5
34754	56.0
34806	16.50001621246338
34877	55.6500301361084
34944	51.45002746582031
35007	28.000025749206543
35078	51.5
35103	22.0
35166	31.750017166137695
35237	50.75003242492676
35280	36.05001258850098
35345	67.25002670288086
35413	15.5
35489	49.05002975463867
35540	36.50001811981201
35593	18.0
35665	30.0
35745	37.75002861022949
35822	30.30001926422119
35858	48.10000705718994
35926	27.550018310546875
35980	29.200018882751465
36001	41.15003204345703
36071	28.5
36145	30.0
36185	25.55000877380371
36270	39.5
36318	27.750017166137695
36373	15.0
36471	32.700032234191895
36523	32.10001850128174
36597	15.5
36680	91.5
36739	16.5
36800	21.750017166137695
36874	73.40003299713135
36946	19.5
37001	14.0
37068	8.5
37126	18.600022315979004
37201	45.800028800964355
37286	21.5
37356	31.0
37473	18.0
37532	57.050025939941406
37597	40.70002269744873
37674	57.6500301361084
37725	13.0
37758	15.5
37812	19.0
37886	56.5
37962	50.5
37980	20.449997425079346
38022	21.90001392364502
38073	16.5
38136	37.0
38192	11.5
38268	47.05003356933594
38349	49.20003032684326
38391	11.0
38455	42.40002727508545
38505	34.0
38567	61.400023460388184
38618	13.5
38689	30.000025749206543
38770	72.1500358581543
38803	23.0
38881	36.5
38951	73.70003414154053
38999	29.35001564025879
39077	88.2000322341919
39144	48.0
39205	24.750015258789062
39271	22.600028038024902
39352	60.5
39418	33.45003128051758
39483	28.5
39561	40.0
39599	32.5
39643	30.100016593933105
39710	22.0
39763	18.0
39824	51.10002613067627
39889	11.0
39956	72.30003070831299
40001	27.45001792907715
40076	50.80003070831299
40119	21.7000150680542
40186	37.5
40254	19.0
40312	13.5
40351	18.700011253356934
40419	35.350013732910156
40494	58.00003147125244
40567	46.5
40646	70.30003261566162
40711	60.25002670288086
40778	61.650028228759766
40844	29.850025177001953
40905	42.55002403259277
40950	23.5
41011	29.5
41066	70.60002040863037
41128	57.0
41188	37.500020027160645
41237	12.5
41314	55.0
41398	37.5
41457	62.400017738342285
41510	44.05002212524414
41582	50.0
41651	43.0
41695	20.5
41745	8.0
41800	37.5
41874	43.5
41947	41.35003089904785
42031	55.70003032684326
42089	32.0
42135	20.0
42207	26.0
42282	43.950035095214844
42343	64.0
42393	21.0
42464	29.800028800964355
42507	19.05000877380371
42578	53.40003490447998
42639	21.30001926422119
42698	48.250022888183594
42765	46.900025367736816
42813	17.5
42872	20.45001220703125
42939	55.30002498626709
42992	44.40002155303955
43059	23.5
43130	48.55002975463867
43178	30.400017738342285
43258	25.5
43316	35.0
43360	23.300013542175293
43429	12.0
43486	15.0
43537	33.70001697540283
43596	47.50002384185791
43646	21.0
43687	28.700011253356934
43764	21.5
43834	36.35002517700195
43913	59.0
43964	30.0
44001	67.85003280639648
44067	36.0
44118	24.850017547607422
44179	15.0
44262	32.5
44334	16.5
44386	13.0
44447	32.050018310546875
44482	15.700007438659668
44545	47.5
44605	20.0
44645	34.50001049041748
44698	15.0
44729	9.0
44781	15.0
44834	58.0
44896	32.0
44972	31.850027084350586
45026	39.0
45086	46.05002212524414
45136	12.0
45185	20.5
45244	20.0
45301	20.0
45382	41.95003318786621
45438	39.0
45502	21.0
45583	32.550031661987305
45654	44.5
45725	25.5
45822	44.850032806396484
45862	18.5
45936	32.0
45999	21.5
46051	27.95001792907715
46139	78.70003128051758
46195	30.0
46269	32.0
46337	27.05002212524414
46383	48.50001239776611
46465	30.0
46527	21.5
46583	33.0
46638	20.750015258789062
46685	18.0
46759	53.150028228759766
46809	34.5
46881	54.80003070831299
46950	32.5
47021	73.80003070831299
47070	42.0
47112	80.7500114440918
47183	30.900017738342285
47228	11.5
47295	41.0
47370	13.5
47432	24.15001678466797
47503	58.35003089904785
47563	34.0
47641	43.0
47697	39.5
47758	20.700024604797363
47805	19.5
47890	64.5
47953	24.60001277923584
48001	54.1000280380249
48061	31.350025177001953
48140	54.1500301361084
48179	33.0
48247	32.5
48286	22.5
48347	40.0
48409	15.0
48470	51.5
48523	20.0
48597	38.5
48646	30.350017547607422
48709	18.050018310546875
48780	50.70002841949463
48847	42.75002861022949
48889	25.5
48935	30.75001335144043
48994	42.05002212524414
49047	23.0
49098	33.0
49160	27.60001850128174
49206	46.0
49270	40.0
49327	22.5
49408	45.950035095214844
49496	36.5
49549	26.900017738342285
49614	26.5
49660	13.0
49712	16.0
49747	14.5
49831	42.350032806396484
49879	19.65001678466797
49937	32.00001811981201
50000	19.5
50093	9.5
50168	39.00003147125244
50238	69.95003318786621
50278	12.5
50301	20.049999237060547
50337	39.0
50398	24.900017738342285
50469	61.5
50547	38.5
50621	11.5
50674	36.0
50716	37.0
50789	21.0
50863	72.10002994537354
50909	15.0
50971	48.5
51021	33.5
51070	16.5
51123	13.5
51199	53.5
51253	12.0
51304	28.050018310546875
51352	30.00001811981201
51429	51.250030517578125
51482	19.5
51553	32.0
51626	31.5
51699	26.95001792907715
51767	47.05002784729004
51826	25.550018310546875
51899	63.0
51927	28.5
51970	29.600014686584473
52001	41.60001468658447
52068	28.5
52127	16.5
52203	27.5
52262	45.5
52306	13.5
52341	33.5
52409	54.00002574920654
52441	18.650007247924805
52500	66.15002059936523
52597	50.0
52650	42.200018882751465
52734	29.0
52783	27.0
52837	35.75002098083496
52911	53.0
52980	47.0
53047	50.0
53110	58.750022888183594
53175	33.500027656555176
53229	31.6500186920166
53294	32.85003089904785
53375	54.0
53450	54.600029945373535
53506	20.10001850128174
53556	49.5
53602	18.0
53663	19.35001564025879
53730	34.5
53791	39.0
53841	19.0
53877	39.0
53935	28.00001811981201
53973	31.0
54023	26.350019454956055
54069	47.80000972747803
54141	50.150028228759766
54192	28.35001564025879
54262	48.250030517578125
54302	21.0
54377	35.5
54414	32.0
54471	15.0
54522	39.250017166137695
54588	59.20002269744873
54656	34.5
54726	27.5
54775	34.5
54837	16.5
54901	37.5
54954	40.60002040863037
55028	84.75002861022949
55097	43.250030517578125
55146	14.5
55191	67.45001602172852
55275	23.0
55322	26.050018310546875
55397	49.20003032684326
55461	39.55002784729004
55511	22.0
55573	43.90002918243408
55622	22.5
55687	45.20003032684326
55752	49.55002403259277
55800	17.0
55836	20.5
55884	33.25001525878906
55960	21.0
56001	35.6000280380249
56084	22.200026512145996
56166	59.200032234191895
56249	16.0
56314	52.5
56392	77.5500373840332
56496	45.5
56568	48.0
56621	22.95001792907715
56723	22.5
56788	65.75002861022949
56851	30.950014114379883
56923	54.750030517578125
57000	46.0
57071	29.5
57134	40.0
57210	39.0
57281	70.75003051757812
57357	22.0
57443	71.2000322341919
57507	35.60002422332764
57551	18.150005340576172
57619	43.5
57708	26.5
57780	43.0
57848	25.5
57937	42.400038719177246
57970	17.5
58015	28.550016403198242
58085	17.5
58136	21.0
58206	18.0
58268	52.400025367736816
58335	19.5
58418	15.0
58453	35.500006675720215
58529	39.5
58559	18.450002670288086
58628	57.05002975463867
58698	55.0
58758	16.5
58830	54.70003032684326
58878	30.30001163482666
58962	27.5
59042	45.5
59099	29.0
59150	26.0
59228	25.000020027160645
59287	24.55001449584961
59368	42.550031661987305
59441	58.550031661987305
59483	41.0
59558	74.30002880096436
59614	40.95001792907715
59662	23.500014305114746
59745	47.5
59791	22.600016593933105
59841	5.500012397766113
59905	49.150028228759766
59983	37.400031089782715
60001	14.750009536743164
60070	60.200032234191895
60115	16.0
60163	33.35001754760742
60203	47.250009536743164
60253	21.95001792907715
60288	37.5
60340	15.5
60394	24.0
60462	32.0
60509	47.0
60556	42.25001335144043
60630	29.0
60662	10.0
60736	42.5
60817	26.5
60881	40.0
60926	20.400015830993652
60997	54.55002975463867
61057	24.0
61109	18.5
61182	35.85001564025879
61217	22.0
61269	15.0
61362	32.0
61434	86.35002899169922
61493	21.0
61567	18.5
61644	53.6000337600708
61716	52.0
61762	23.5
61819	19.0
61877	23.0
61915	18.5
61963	36.0
62018	36.5
62097	31.0
62131	13.400006294250488
62185	32.0
62232	16.5
62310	50.100029945373535
62344	23.0
62407	48.15002632141113
62485	51.0
62560	6.0
62610	30.700018882751465
62665	19.5
62715	16.5
62778	30.45001792907715
62839	59.550025939941406
62908	41.5
62960	20.5
63032	48.950029373168945
63094	21.400017738342285
63167	19.5
63226	18.0
63289	23.5
63361	61.65003204345703
63427	12.5
63504	43.0
63544	15.5
63619	12.5
63660	13.5
63712	31.750019073486328
63754	19.900012016296387
63822	21.5
63863	6.0
63938	76.0
64001	49.40002918243408
64080	30.750022888183594
64144	62.0
64204	14.5
64263	7.0
64368	67.35002899169922
64407	17.55000877380371
64440	49.850006103515625
64490	28.0
64529	23.80001163482666
64590	53.00002574920654
64661	70.6500301361084
64740	60.0
64814	15.0
64890	53.45003318786621
64958	25.5
65000	28.5
65049	27.700018882751465
65093	21.0
65166	33.5
65243	24.0
65290	20.0
65339	32.40001392364502
65399	23.5
65444	12.5
65508	25.000020027160645
65581	84.70002841949463
65623	20.900010108947754
65689	44.0
65755	44.5
65799	25.50001621246338
65857	13.5
65926	36.80003070831299
65996	52.5
66069	44.0
66137	37.0
66181	9.5
66244	32.85002136230469
66313	23.5
66384	29.5
66436	32.0
66494	49.50001811981201
66534	19.5
66590	22.0
66669	77.6000337600708
66726	18.5
66800	54.20003032684326
66872	59.75003242492676
66951	112.95003318786621
67036	45.80003070831299
67111	40.200026512145996
67171	32.30001735687256
67225	30.750019073486328
67266	24.60001277923584
67344	25.5
67408	40.0
67470	63.0
67523	9.0
67558	18.5
67591	13.5
67675	32.40002918243408
67732	22.5
67814	67.5
67886	39.70002841949463
67936	13.5
68000	27.0
68001	6.300017356872559
68054	22.5
68094	16.90001392364502
68166	62.950029373168945
68227	21.0
68307	19.0
68384	37.0
68436	45.350019454956055
68508	18.0
68560	24.700016975402832
68636	68.75003433227539
68688	22.80001735687256
68780	67.0
68855	32.0
68927	28.0
68968	44.15001106262207
69014	21.200016975402832
69067	34.0
69143	52.0
69213	90.5
69241	8.5
69311	35.0
69387	56.5
69456	41.5
69536	28.100022315979004
69584	24.650014877319336
69658	33.0
69721	57.0
69782	27.5
69842	59.70002460479736
69917	52.750030517578125
69989	48.0
70064	54.65003204345703
70112	27.50001811981201
70178	28.0
70219	32.6500129699707
70324	35.250038146972656
70363	21.45001220703125
70428	29.00001811981201
70517	21.0
70588	21.0
70635	13.5
70711	30.0
70764	18.0
70840	18.5
70896	25.95001983642578
70964	68.5
71055	72.7000322341919
71101	32.85001564025879
71194	41.5
71233	38.45000648498535
71299	22.5
71348	16.0
71405	32.95001792907715
71473	45.70003032684326
71542	33.00002574920654
71606	22.60001850128174
71678	54.0
71730	32.35001754760742
71787	29.5
71834	22.25001335144043
71885	23.0
71963	27.0
72001	31.350017547607422
72064	49.900025367736816
72135	69.25002861022949
72213	15.0
72296	51.20003032684326
72364	17.5
72433	37.0
72499	49.200026512145996
72558	24.0
72632	50.300028800964355
72701	28.0
72732	12.0
72796	19.5
72875	35.25003433227539
72956	5.5
73010	34.20001697540283
73086	26.0
73145	26.150020599365234
73213	21.5
73275	16.5
73341	76.90002536773682
73416	72.0
73442	37.650001525878906
73520	64.0
73590	28.5
73654	24.5
73726	45.5
73791	12.0
73836	26.05001449584961
73893	68.80002307891846
73958	40.5
74005	20.5
74052	18.0
74128	23.5
74226	13.5
74316	37.5
74390	44.5
74440	19.5
74508	28.5
74576	34.5
74628	16.0
74698	56.0
74750	27.1500186920166
74825	43.80003070831299
74881	22.5
74961	32.5
75028	17.0
75093	47.150028228759766
75141	27.45001792907715
75218	54.650028228759766
75266	19.5
75321	51.200018882751465
75378	40.35002136230469
75448	59.450029373168945
75519	53.0
75565	50.1500129699707
75641	21.0
75713	57.400031089782715
75772	45.15002250671387
75821	63.650014877319336
75906	64.55002784729004
75945	36.80000972747803
76001	37.65002632141113
76068	49.85002899169922
76155	51.300034523010254
76232	59.85002899169922
76299	50.15002250671387
76325	11.249998092651367
76363	47.50001049041748
76430	18.0
76498	57.5
76533	23.850006103515625
76596	14.950017929077148
76663	35.75002098083496
76716	34.5
76788	53.900031089782715
76838	19.0
76880	34.7500114440918
76973	31.0
77037	71.70003032684326
77123	82.50003337860107
77176	21.0
77220	40.0
77297	27.750019073486328
77385	28.5
77450	30.150020599365234
77509	44.5
77567	24.250019073486328
77642	50.50002956390381
77716	22.5
77795	34.5
77871	52.300028800964355
77947	60.0
78020	66.1000280380249
78078	34.5
78134	33.5
78208	51.5
78270	31.0
78313	27.000012397766113
78388	68.5
78427	5.5
78469	30.800013542175293
78521	58.850019454956055
78567	19.900017738342285
78623	51.0
78694	54.20003032684326
78769	45.1500301361084
78843	33.850019454956055
78904	39.95002365112305
78958	24.700016975402832
79023	20.0
79095	58.5
79147	18.5
79176	10.5
79221	15.60001277923584
79299	24.0
79352	31.700016975402832
79415	50.6000280380249
79485	58.950029373168945
79532	31.5
79563	36.35000419616699
79628	30.0
79700	54.100029945373535
79758	14.5
79810	61.5
79864	43.5
79927	9.0
80001	36.600029945373535
80060	14.5
80140	38.5
80174	11.0
80238	40.5
80325	15.5
80396	33.0
80475	43.250030517578125
80537	50.65002632141113
80586	18.0
80640	19.5
80708	25.5
80771	23.350019454956055
80858	66.5
80909	55.35001564025879
80961	14.5
81008	62.5
81051	47.5
81102	53.5
81179	-3.0
81256	12.5
81332	58.40003299713135
81375	64.2000150680542
81424	15.0
81499	45.05002975463867
81579	51.1000337600708
81653	37.6500301361084
81718	23.550020217895508
81770	45.0
81852	20.0
81919	46.0
81950	19.5
81986	30.000006675720215
82057	40.0
82107	42.0
82181	34.5
82233	30.400019645690918
82308	67.7000322341919
82376	45.900025367736816
82447	33.6000337600708
82504	46.5
82579	69.7000322341919
82643	64.40002346038818
82717	41.5
82777	28.5
82860	26.250032424926758
82966	16.0
83019	17.0
83088	21.0
83168	49.0
83256	77.25003051757812
83332	37.6000280380249
83392	19.5
83465	66.50003337860107
83535	71.0
83617	29.85002326965332
83690	33.0
83761	35.0
83843	20.550029754638672
83912	43.900031089782715
83967	38.000020027160645
84001	21.1500186920166
84052	15.0
84108	72.55002021789551
84180	15.0
84256	15.0
84322	34.5
84407	42.0
84483	36.0
84563	41.5
84619	26.350019454956055
84676	34.000020027160645
84755	20.0
84781	17.0
84853	19.5
84936	51.5
85041	46.65003204345703
85087	20.850013732910156
85165	54.5
85213	13.0
85296	33.5
85362	48.900025367736816
85437	18.0
85495	39.300021171569824
85568	64.25003051757812
85664	27.0
85717	61.35002136230469
85777	31.0
85820	57.60001277923584
85899	23.5
85962	11.5
86016	37.050018310546875
86118	48.20003032684326
86161	39.0
86228	62.85002326965332
86279	18.150014877319336
86344	29.150028228759766
86398	24.0
86471	55.25002861022949
86548	62.0
86594	18.0
86638	19.0
86685	54.0
86778	57.450029373168945
86861	75.05003547668457
86943	63.0
87023	57.5
87089	39.850027084350586
87175	30.450029373168945
87252	85.90003299713135
87320	77.30002880096436
87361	16.600014686584473
87407	24.0
87475	41.6500301361084
87525	17.5
87596	29.050018310546875
87655	24.750019073486328
87719	36.0
87757	13.5
87841	34.55002212524414
87908	38.10002040863037
87980	39.5
88001	25.400017738342285
88069	74.95003318786621
88128	53.0
88196	49.60003185272217
88276	16.5
88326	21.5
88362	25.500008583068848
88414	36.250017166137695
88491	41.0
88554	23.650020599365234
88642	45.65002632141113
88716	41.0
88796	73.90003299713135
88861	44.150028228759766
88935	54.80003070831299
88972	12.0
89026	22.5
89114	52.5
89167	27.700018882751465
89236	30.0
89346	30.0
89388	25.35000991821289
89466	21.0
89538	36.0
89579	13.050012588500977
89652	33.1500301361084
89733	54.5
89787	24.0
89846	45.5
89913	23.5
89998	46.6500301361084
90075	62.80003261566162
90147	37.5
90194	24.75001335144043
90276	36.250030517578125
90332	30.20002269744873
90405	2.0500316619873047
90484	45.5
90555	19.5
90626	52.30003070831299
90694	57.20003032684326
90753	27.200016975402832
90825	24.0
90900	28.0
90972	51.0
91042	41.5
91110	22.450016021728516
91214	23.5
91259	37.60001468658447
91346	48.70003032684326
91437	36.00003147125244
91515	26.0
91560	22.5
91613	19.0
91680	34.0
91761	30.0
91820	26.10002613067627
91884	28.5
91950	41.6000280380249
92001	25.65001678466797
92068	67.700026512146
92154	15.0
92224	44.5
92290	23.0
92364	34.0
92417	12.5
92448	14.0
92519	32.0
92597	24.5
92657	26.1500244140625
92704	53.95001411437988
92727	21.049999237060547
92806	28.5
92848	38.10001087188721
92920	12.0
93007	15.0
93067	39.00001811981201
93121	26.5
93188	6.5
93251	27.45001983642578
93323	35.5
93387	30.5
93461	71.5
93523	45.70002460479736
93600	38.1500358581543
93678	74.25003433227539
93754	58.0
93801	38.150014877319336
93847	15.0
93911	44.0
93954	12.0
94005	29.600010871887207
94081	19.5
94177	68.05004119873047
94245	47.30003070831299
94308	32.95002365112305
94379	31.100028038024902
94443	45.55002784729004
94516	43.0
94570	33.550018310546875
94620	13.0
94714	31.0
94765	19.0
94832	20.0
94884	14.5
94936	14.0
95014	53.5
95092	29.0
95147	18.0
95206	27.05002212524414
95280	41.5
95346	60.650028228759766
95415	70.30002498626709
95470	20.0
95536	18.0
95584	41.40001392364502
95656	44.30003070831299
95715	40.0
95763	20.5
95813	27.400017738342285
95875	38.050025939941406
95933	2.0
95990	-1.5
96001	24.20003032684326
96045	51.95001029968262
96095	26.550018310546875
96170	33.0
96240	111.45002937316895
96302	40.40001964569092
96391	26.5
96445	16.0
96505	19.00001621246338
96552	21.650012969970703
96609	26.0
96677	43.40002727508545
96743	34.20003032684326
96811	19.5
96881	33.0
96943	9.5
97022	61.0
97083	14.0
97142	20.0
97200	22.0
97265	32.85001754760742
97326	52.70002269744873
97378	15.5
97475	82.10003280639648
97529	20.0
97595	37.0
97673	53.5
97740	32.5
97803	19.5
97897	31.700026512145996
97961	50.45002555847168
98035	42.0
98117	41.0
98181	1.5
98256	20.5
98307	18.5
98353	19.0
98417	16.0
98470	28.6500186920166
98543	11.5
98617	45.5
98655	20.25000762939453
98688	43.20000743865967
98756	29.500025749206543
98806	25.800015449523926
98853	-4.549982070922852
98905	34.0
98975	33.0
99032	64.5
99079	38.55001449584961
99156	53.50003528594971
99221	18.250017166137695
99288	50.0
99333	58.80001163482666
99411	48.5
99468	19.5
99530	34.30001735687256
99565	19.5
99610	16.5
99664	30.650012969970703
99709	38.05001449584961
99793	68.7000322341919
99852	50.5
99924	33.5
100001	75.55001068115234
100072	37.5
100145	16.5
100226	43.40003490447998
100297	44.950029373168945
100348	26.850017547607422
100423	47.35003089904785
100501	64.45003509521484
100579	40.5
100628	15.5
100678	25.00001811981201
100736	33.55002212524414
100788	31.50001811981201
100836	14.0
100910	38.0
100953	32.950016021728516
101035	57.0
101109	43.5
101176	32.0
101252	70.95003509521484
101324	42.5
101401	47.20003414154053
101478	54.55002784729004
101553	48.50003147125244
101586	24.850008010864258
101669	25.5
101755	23.0
101823	42.750022888183594
101874	28.700016975402832
101955	13.0
102024	48.5
102112	61.5
102186	45.5
102234	28.80001735687256
102309	69.0
102383	57.100029945373535
102415	12.0
102483	23.550020217895508
102554	28.0
102629	30.5
102712	59.900031089782715
102783	50.5
102843	32.1500186920166
102902	14.0
102967	65.100022315979
103019	49.5
103070	29.0
103113	23.5
103172	10.5
103247	31.0
103321	89.35003280639648
103369	31.700016975402832
103446	23.5
103523	30.20003032684326
103597	19.0
103670	21.0
103738	45.0
103807	41.200032234191895
103858	7.5
103910	22.15001678466797
103936	19.29999828338623
104001	34.79984664916992
104071	39.0
104160	26.5
104229	68.20002841949463
104283	18.5
104360	49.70003032684326
104413	24.0
104512	58.5
104581	56.900023460388184
104656	36.0
104706	19.5
104772	30.250017166137695
104854	85.5
104919	26.0
104972	34.05002021789551
105025	45.5
105096	49.00002956390381
105167	45.5
105244	46.5
105290	26.5
105363	44.5
105433	36.0
105499	62.850027084350586
105549	43.65001678466797
105616	23.5
105686	26.0
105777	33.0
105846	52.20002841949463
105908	62.0
105965	47.5
106009	29.0
106091	59.0
106169	32.0
106217	21.0
106295	72.15003395080566
106353	21.0
106417	65.70002460479736
106471	27.0
106557	44.950029373168945
106659	68.55003356933594
106726	60.35002899169922
106747	23.749998092651367
106822	33.90002918243408
106884	35.900025367736816
106927	23.0
107002	62.6500301361084
107046	8.5
107120	58.5
107192	27.5
107246	25.350017547607422
107295	19.5
107368	73.5
107408	22.5
107478	73.75003051757812
107534	31.5
107609	62.75003242492676
107687	54.0
107760	22.0
107792	28.700005531311035
107871	62.90003299713135
107907	17.450002670288086
107941	21.0
108001	37.79989242553711
108084	36.85003662109375
108156	36.900025367736816
108194	16.5
108253	33.05002021789551
108321	23.0
108395	41.950035095214844
108465	28.800026893615723
108542	61.200026512145996
108615	22.5
108675	27.5
108723	29.0
108790	22.050029754638672
108883	32.15003967285156
108955	72.0500316619873
109042	40.5
109128	18.0
109179	25.5
109230	18.0
109307	73.90003108978271
109344	29.5
109388	28.5
109445	42.800021171569824
109535	34.40003490447998
109627	80.50003147125244
109692	29.5
109773	48.60003185272217
109827	17.5
109871	34.0
109954	41.20003032684326
109999	18.7000150680542
110046	17.5
110131	30.80003070831299
110232	65.55003356933594
110320	73.30003833770752
110373	17.550018310546875
110456	31.70004177093506
110513	12.0
110595	59.5
110683	63.5
110736	19.5
110789	7.5
110823	8.5
110845	23.999999046325684
110888	62.0
110977	79.25003814697266
111069	50.5
111146	60.0
111219	39.0
111279	14.0
111304	33.0
111357	18.5
111409	30.200016975402832
111477	47.0
111551	62.25003433227539
111622	34.40003490447998
111683	13.5
111746	32.5
111815	32.0
111873	21.450016021728516
111921	46.200013160705566
111974	26.95001983642578
112001	36.10002422332764
112058	14.0
112129	67.0500259399414
112208	53.550025939941406
112286	40.0
112363	65.75003051757812
112450	50.30003643035889
112522	39.5
112591	46.5
112646	24.0
112720	36.25003242492676
112790	51.5
112853	36.6500244140625
112935	43.5
112980	39.90001201629639
113060	37.5
113124	49.00002956390381
113181	18.0
113252	18.5
113319	46.5
113417	71.5500316619873
113491	37.0
113550	15.0
113605	31.300021171569824
113652	40.700013160705566
113724	24.5
113788	14.0
113885	75.0
113953	61.0
114041	28.0
114116	36.5
114194	36.15003204345703
114253	2.0
114303	32.350019454956055
114397	56.5
114452	7.0
114533	23.5
114611	66.15003204345703
114688	44.5
114726	14.5
114801	24.35003089904785
114863	28.10001850128174
114914	23.5
114987	35.5
115029	46.200011253356934
115078	27.40001392364502
115126	11.0
115184	13.0
115263	38.0
115339	47.0
115418	38.5
115486	22.5
115574	46.100035667419434
115653	38.85003662109375
115715	24.0
115770	19.0
115904	56.80002975463867
116001	42.300042152404785
116086	24.5
116131	52.5
116221	37.90003490447998
116300	43.70003414154053
116377	35.5
116423	31.5
116497	49.40002918243408
116546	20.200016975402832
116599	13.5
116668	9.0
116766	45.0
116846	59.0
116899	24.45001983642578
116975	61.6000394821167
117060	51.100037574768066
117154	23.850032806396484
117210	17.80001735687256
117262	18.0
117322	10.5
117375	37.5
117452	16.0
117517	24.0
117604	67.75003623962402
117640	19.0
117730	62.45004081726074
117810	87.30003643035889
117860	14.0
117926	20.0
117998	60.0
118090	68.0
118174	60.90003490447998
118224	19.0
118313	24.0
118373	86.5
118449	34.65003204345703
118515	23.5
118599	32.5
118673	33.5
118730	27.0
118780	30.0
118849	20.5
118911	33.5
118988	49.800034523010254
119018	12.5
119110	34.50003719329834
119186	45.5
119267	65.40003681182861
119346	41.0
119416	41.350027084350586
119471	15.0
119538	15.0
119611	11.0
119660	57.20001697540283
119748	62.5
119816	14.0
119857	20.0
119919	36.650020599365234
119972	24.5
120001	23.750022888183594
120080	53.5
120128	27.90000820159912
120210	34.5
120270	7.5
120330	22.0
120406	44.0
120477	46.5
120533	45.0
120606	36.0
120691	71.35003662109375
120733	37.300007820129395
120801	37.0
120871	43.0
120920	49.5
121005	75.0
121088	48.80003261566162
121158	46.20003032684326
121202	55.0
121288	59.65003776550293
121351	19.0
121403	33.95001983642578
121484	42.0
121558	15.5
121633	28.0
121694	33.300021171569824
121760	21.5
121847	80.65002822875977
121917	34.5
121989	27.0
122065	33.25002861022949
122138	62.350032806396484
122239	29.0
122292	37.10002040863037
122370	77.5
122425	60.5
122503	80.10003757476807
122556	11.5
122646	31.0
122729	54.5
122802	65.15003395080566
122874	13.0
122939	62.1500301361084
123018	41.5
123095	33.5
123122	12.0
123175	39.05001449584961
123254	34.80003261566162
123310	14.0
123397	78.60003757476807
123464	26.800021171569824
123510	19.55001449584961
123581	36.10003185272217
123641	13.0
123705	31.00001811981201
123787	71.30004024505615
123831	45.35001182556152
123879	32.55001640319824
123963	51.100035667419434
124001	40.700039863586426
124070	64.40002727508545
124152	46.5
124228	75.0
124313	64.25003242492676
124394	61.0
124470	72.40003490447998
124519	33.250017166137695
124588	52.000027656555176
124659	25.50001811981201
124712	65.50001621246338
124778	36.0
124860	59.50003528594971
124939	49.80003643035889
125017	33.5
125096	15.0
125158	35.750022888183594
125237	34.0
125324	31.0
125380	28.70002269744873
125447	31.45001983642578
125513	25.500020027160645
125577	72.30002498626709
125640	15.0
125756	66.85003662109375
125829	40.25002670288086
125903	31.350032806396484
125948	39.0
126008	15.5
126059	32.60002040863037
126090	24.5
126178	22.5
126233	46.0
126262	18.5
126302	54.50000858306885
126333	17.60000514984131
126412	23.5
126498	46.25003623962402
126584	48.5
126666	72.5500373840332
126721	23.5
126820	44.0
126872	29.850019454956055
126935	54.05002021789551
126985	21.650020599365234
127040	11.0
127115	64.5
127160	39.25001335144043
127264	22.5
127344	22.550018310546875
127397	22.5
127482	26.0
127556	36.6000337600708
127626	52.00002956390381
127674	57.5
127750	24.0
127826	46.30003643035889
127892	55.35002136230469
127940	70.05001449584961
128001	37.35003089904785
128073	40.0
128154	51.0
128231	15.5
128303	22.0
128349	19.900012016296387
128431	13.5
128500	55.95002555847168
128527	18.35000228881836
128603	28.0
128701	42.80004024505615
128761	41.35002136230469
128847	39.5
128909	35.0
128929	0.5
128977	82.10001373291016
129055	78.5500316619873
129148	49.0
129204	62.85002136230469
129297	17.0
129382	34.0
129486	38.60000228881836
129574	67.45003890991211
129641	23.0
129692	21.5
129772	19.5
129809	37.50000858306885
129862	34.950021743774414
129919	24.25002098083496
129978	26.80002498626709
130037	43.0
130093	41.95001983642578
130152	55.55001449584961
130194	13.850008010864258
130284	29.200024604797363
130373	39.5
130441	48.45002365112305
130499	9.5
130552	25.200020790100098
130605	21.0
130690	29.0
130770	37.5
130858	22.0
130915	25.0
130983	36.55002784729004
131073	77.0
131138	22.45001792907715
131226	50.0
131296	53.1500244140625
131370	25.0
131462	36.85003662109375
131511	24.350017547607422
131588	89.50003337860107
131658	52.75002861022949
131753	29.800036430358887
131842	60.95003318786621
131915	32.0
131972	34.650020599365234
132001	25.25002098083496
132064	30.95002555847168
132134	51.750030517578125
132206	36.60003185272217
132288	46.5
132371	37.5
132445	39.0
132500	29.900017738342285
132585	34.900023460388184
132632	16.5
132736	72.35003662109375
132816	56.0
132917	111.40004253387451
132953	35.0
133027	33.550018310546875
133088	31.450027465820312
133147	10.5
133218	49.65002632141113
133273	56.5
133369	66.60004043579102
133463	63.700039863586426
133573	74.45004272460938
133610	22.900002479553223
133692	60.40003490447998
133784	37.5
133858	37.5
133933	38.0
134021	46.900038719177246
134087	31.5
134140	21.0
134214	57.95003318786621
134291	54.150033950805664
134347	11.5
134416	23.05002784729004
134505	60.0
134584	36.05003547668457
134632	28.950014114379883
134720	34.0
134786	23.5
134872	49.500033378601074
134951	38.95002365112305
135030	62.05003356933594
135112	57.35003852844238
135166	34.700018882751465
135247	41.5
135315	31.350034713745117
135367	11.0
135446	53.45003128051758
135541	37.900023460388184
135592	34.5
135670	43.0
135697	30.55000114440918
135754	24.0
135836	39.1500358581543
135890	52.00001621246338
135972	37.0
136001	32.450002670288086
136070	26.0
136129	46.750017166137695
136196	26.60001850128174
136292	77.0
136371	33.25003433227539
136427	38.55002212524414
136529	51.100037574768066
136608	53.0
136663	16.950014114379883
136742	41.80003261566162
136808	17.5
136898	38.5
136970	30.600022315979004
137078	65.6000394821167
137154	32.600035667419434
137247	31.5
137340	57.90004062652588
137420	53.5
137501	65.75003623962402
137543	13.050003051757812
137603	30.850017547607422
137718	36.5
137808	38.100037574768066
137878	60.10003185272217
137983	50.0
138058	51.250038146972656
138120	60.0
138194	84.60003185272217
138278	61.0
138347	57.0
138429	29.0
138500	56.0
138581	72.70003604888916
138631	25.50001811981201
138716	50.5
138771	20.0
138831	26.000021934509277
138899	15.5
138958	29.50002384185791
139048	69.85003662109375
139152	45.5
139206	11.5
139264	33.90001964569092
139319	15.0
139407	56.00003528594971
139509	57.600035667419434
139588	47.250038146972656
139648	23.000020027160645
139740	43.700039863586426
139811	57.0
139855	42.5
139882	15.0
139983	52.40004062652588
140001	29.800026893615723
140078	52.45003890991211
140163	26.5
140219	66.5
140264	19.800007820129395
140333	54.5
140387	34.70002269744873
140471	28.0
140536	25.600024223327637
140609	46.0
140668	15.0
140755	46.5
140839	52.85003471374512
140910	56.050031661987305
141020	44.40004253387451
141104	19.5
141160	77.45002174377441
141217	57.80001926422119
141322	66.10003280639648
141417	29.400036811828613
141476	16.5
141542	21.0
141615	37.5
141680	24.0
141826	84.84999084472656
141913	43.5
141997	63.85003852844238
142104	62.0
142199	75.0
142235	26.200005531311035
142334	66.40002822875977
142404	13.5
142446	58.5
142531	65.75004196166992
142618	15.0
142708	71.15003776550293
142802	37.0
142892	47.50003719329834
142962	49.0
143077	61.45004081726074
143166	71.5
143243	21.000035285949707
143337	53.50003528594971
143365	28.0
143445	55.000033378601074
143508	29.850025177001953
143562	11.5
143632	16.0
143680	25.0
143732	46.95001220703125
143792	24.450021743774414
143830	38.550010681152344
143906	30.0
143997	16.0
144001	16.300028800964355
144088	45.55003356933594
144151	34.7000207901001
144232	19.0
144284	45.05001258850098
144336	22.600008964538574
144387	63.0
144467	15.0
144537	23.5
144602	30.0
144679	37.50003147125244
144736	39.85001754760742
144842	56.70002365112305
144904	22.600024223327637
144993	44.30003833770752
145061	22.5
145112	39.60001468658447
145187	25.5
145240	43.150014877319336
145337	50.5
145382	39.450016021728516
145464	30.5
145548	24.5
145618	18.400029182434082
145713	57.0
145804	68.55004119873047
145910	51.45003890991211
145995	28.850040435791016
146036	23.2000093460083
146087	29.60002040863037
146212	57.20003795623779
146277	18.0
146331	31.90002155303955
146430	45.0
146463	32.750003814697266
146559	48.5
146616	10.0
146719	62.9000358581543
146831	41.5
146903	23.5
147014	43.5
147116	77.80002975463867
147204	18.5
147294	16.5
147330	48.100008964538574
147407	26.0
147491	51.65003967285156
147589	36.0
147674	53.05004119873047
147714	26.5
147806	67.00004196166992
147904	77.10003566741943
147992	58.70004177093506
148001	19.700024604797363
148087	28.5
148144	73.70002269744873
148250	42.50003528594971
148340	51.0
148418	13.350028991699219
148480	6.5
148597	50.95004081726074
148649	26.5
148755	50.0
148821	40.50002384185791
148909	27.5
148950	37.0
148995	32.5
149048	51.5
149133	53.70003795623779
149193	50.40002155303955
149310	76.34996795654297
149375	30.50002956390381
149439	40.5
149488	88.00001525878906
149564	48.0
149645	46.30003643035889
149731	103.30004215240479
149795	44.50002574920654
149886	48.5
149911	37.30000019073486
150001	44.0
150097	57.5
150149	26.250019073486328
150253	51.30003833770752
150334	36.5
150446	34.5
150489	32.0
150593	13.5
150662	30.30002498626709
150743	59.1000337600708
150799	72.0
150909	71.0
151038	61.05004119873047
151095	26.100024223327637
151191	17.0
151316	35.45004081726074
151391	58.45003128051758
151436	46.80001163482666
151515	37.0
151612	47.75004005432129
151699	66.0
151774	34.00003910064697
151876	55.150041580200195
151970	43.85003662109375
152001	62.20002365112305
152099	34.0
152192	29.400025367736816
152277	24.5
152359	21.0
152428	22.75002670288086
152545	88.44995880126953
152634	56.70003890991211
152743	14.0
152801	27.95001983642578
152901	86.5
152980	38.5
153072	61.5
153158	63.0
153263	34.50004196166992
153363	21.5
153421	12.5
153513	16.5
153573	30.900023460388184
153649	32.100037574768066
153743	62.8000373840332
153834	61.550018310546875
153942	47.0
154021	53.300034523010254
154091	27.5
154159	26.200016975402832
154249	24.750024795532227
154394	64.5
154468	20.5
154551	16.5
154619	13.900019645690918
154667	26.900015830993652
154757	24.5
154805	39.5
154870	26.75002670288086
154985	16.5
155063	73.0
155104	49.55000877380371
155192	56.1000280380249
155250	60.5
155332	81.0
155375	28.0
155467	45.5
155582	44.20003128051758
155669	47.750038146972656
155760	18.0
155839	79.2000379562378
155932	62.950035095214844
155987	44.5
156001	37.350013732910156
156064	28.200024604797363
156174	92.5
156280	80.95000457763672
156376	42.5
156445	43.15002632141113
156481	52.0
156577	11.5
156672	79.95001983642578
156740	31.60002613067627
156836	50.00004196166992
156883	58.550010681152344
156989	50.60000228881836
157070	90.25003623962402
157166	42.250030517578125
157273	27.0
157330	37.300015449523926
157363	15.0
157474	64.44999694824219
157514	30.0
157606	47.0
157667	13.5
157780	45.550025939941406
157871	60.80003833770752
157949	30.0
158044	79.3000373840332
158094	17.5
158169	19.900029182434082
158237	63.1000280380249
158318	79.25004196166992
158452	36.0
158516	18.5
158597	66.85003852844238
158694	49.0
158780	24.0
158881	65.0
158980	79.05000305175781
159065	47.90004062652588
159120	22.0
159216	57.0
159309	62.900020599365234
159412	22.5
159512	70.0
159641	66.90002059936523
159716	22.5
159829	63.999996185302734
159899	28.250030517578125
159976	40.450035095214844
160001	50.000003814697266
160079	24.0
160170	5.5
160267	32.5
160351	26.200018882751465
160434	29.0
160493	-16.79997730255127
160551	66.50002002716064
160651	66.20003128051758
160763	75.55003356933594
160860	39.5
160902	4.5
160964	22.300026893615723
161054	38.0
161126	31.500027656555176
161217	35.0
161309	68.0500259399414
161374	26.050025939941406
161464	53.20004177093506
161597	76.0
161664	40.0
161722	19.0
161813	20.0
161898	27.100041389465332
162017	101.80002212524414
162105	74.00004196166992
162180	23.5
162277	71.85000610351562
162387	62.050018310546875
162490	26.5
162559	38.50002384185791
162650	9.5
162734	18.0
162847	62.44995880126953
162924	36.150033950805664
163010	51.55003356933594
163119	40.5
163226	56.5
163318	74.95003509521484
163391	55.35002899169922
163451	29.500025749206543
163587	49.85004234313965
163928	43.0
163983	80.80001926422119
164001	34.60002422332764
164104	57.30000686645508
164207	50.45002746582031
164334	79.0
164418	42.5
164508	40.35002899169922
164567	23.40002155303955
164678	23.0
164737	29.150026321411133
164847	41.250038146972656
164909	56.5
165022	55.0999870300293
165121	66.00001907348633
165243	28.0
165318	11.0
165361	39.45001411437988
165435	-10.5
165499	40.0
165600	47.5
165661	8.5
165764	29.5
165875	62.100032806396484
165989	77.55001068115234
166077	19.0
166161	22.700032234191895
166293	31.5
166427	96.3499755859375
166542	45.5
166631	72.80002975463867
166728	39.0
166804	37.95003128051758
166863	12.5
166950	3.0
167022	27.050029754638672
167101	14.5
167191	50.5
167257	22.0
167382	38.450042724609375
167439	53.05001640319824
167517	45.70003604888916
167594	24.5
167705	60.35003662109375
167817	32.0
167879	26.0
167972	31.50002670288086
168001	55.45002746582031
168111	81.0
168222	21.0
168289	23.800028800964355
168400	58.5
168515	14.5
168611	33.55002975463867
168712	38.0
168832	61.5
168929	15.5
169015	68.25004005432129
169075	39.5
169178	39.5
169253	20.5
169303	46.40001392364502
169426	54.45001983642578
169484	34.350027084350586
169534	39.45001792907715
169686	33.0
169789	24.0
169891	56.5000114440918
169955	26.0
170051	69.05001068115234
170138	7.5
170202	59.400023460388184
170320	54.30003833770752
170424	57.0
170526	52.449989318847656
170655	83.04993438720703
170724	33.450029373168945
170799	19.0
170863	31.800028800964355
170927	20.0
171036	73.0
171142	66.20002365112305
171242	39.6500358581543
171310	35.0
171411	22.5
171522	68.8000373840332
171616	41.0
171718	75.5
171841	67.80002212524414
171907	31.050029754638672
171978	53.1500301361084
172001	44.500003814697266
172057	37.0
172156	127.50002670288086
172241	21.0
172306	41.45003128051758
172466	59.80001449584961
172572	42.0
172671	31.5
172736	48.6000280380249
172840	55.30001449584961
172952	40.5
173018	76.65002632141113
173058	32.000006675720215
173165	79.1500015258789
173278	75.8499984741211
173324	19.0
173399	38.0500373840332
173484	14.5
173551	23.300028800964355
173627	38.850027084350586
173742	65.65003204345703
173837	30.5
173965	11.5
174092	45.0
174201	43.200016021728516
174275	29.0
174392	53.24998474121094
174506	68.6500015258789
174614	41.0
174696	59.950035095214844
174820	74.89996719360352
174906	15.0
175003	19.0
175111	75.99999618530273
175213	61.0
175323	81.89999771118164
175418	52.500041007995605
175512	20.5
175623	59.25
175726	56.05000305175781
175835	28.5
175912	30.80002498626709
175967	32.15002250671387
176001	29.500033378601074
176113	48.5
176216	42.0
176317	61.4000358581543
176371	38.5
176487	50.5
176564	32.000033378601074
176662	31.600017547607422
176749	63.5
176819	14.5
176899	32.80002689361572
176962	30.300028800964355
177009	24.550018310546875
177118	78.39998245239258
177191	63.00003147125244
177299	27.0
177345	23.5
177453	51.050010681152344
177588	27.5
177659	32.250030517578125
177734	34.85002899169922
177830	7.5
177910	35.30003261566162
177993	33.80003070831299
178065	30.50003147125244
178123	73.0
178202	32.150033950805664
178279	46.1000337600708
178390	64.5
178526	74.0
178602	17.30003261566162
178722	68.79999160766602
178816	94.0
178910	20.0
178996	40.300034523010254
179082	83.5
179171	13.0
179309	88.14994049072266
179365	22.900019645690918
179438	36.50003147125244
179600	36.0
179722	42.0
179817	15.5
179901	27.0
179988	48.8000373840332
180001	33.15003967285156
180124	43.15001678466797
180170	13.40001392364502
180272	49.9000129699707
180336	40.100022315979004
180420	33.1000337600708
180529	46.5
180608	42.0
180703	72.8000373840332
180782	32.00003147125244
180886	43.45001983642578
180988	49.0
181024	18.5
181132	90.7500228881836
181209	46.1500358581543
181302	33.80002498626709
181358	88.70001983642578
181448	14.5
181553	48.5
181642	35.55004119873047
181787	68.39998245239258
181865	68.35003852844238
181949	17.5
182055	45.59999465942383
182105	20.5
182210	89.5
182303	63.0
182401	41.0
182475	40.5
182578	57.5
182668	56.5
182775	60.90004062652588
182838	28.0
182907	56.600022315979004
182972	44.75002861022949
183058	16.0
183165	38.5
183233	28.050031661987305
183372	55.0
183464	40.5
183579	79.69997787475586
183703	57.55000305175781
183783	15.0
183875	34.45003318786621
183980	36.0
184001	49.04998016357422
184094	39.20003414154053
184170	53.650033950805664
184283	43.0
184411	49.5
184534	28.999980926513672
184639	24.0
184742	31.0
184798	23.5
184867	54.0
184951	16.0
185072	18.0
185117	35.15000915527344
185213	46.0
185267	72.20001697540283
185408	75.09994125366211
185477	32.45003128051758
185619	84.0
185719	46.0
185829	47.0
185936	26.5
186040	62.69999313354492
186147	57.40000534057617
186243	68.95000457763672
186287	47.700011253356934
186398	56.050018310546875
186437	14.450010299682617
186529	21.5
186621	96.00003814697266
186698	21.5
186750	24.000014305114746
186844	21.5
186964	48.5
187065	41.5
187121	46.40002155303955
187280	88.14998626708984
187358	79.25003623962402
187460	61.09999465942383
187581	53.0999870300293
187664	-4.0
187764	28.0
187842	11.0
187945	68.0
188001	69.29999923706055
188096	18.0
188178	19.05003547668457
188280	29.5
188367	99.5
188450	37.95001792907715
188551	41.05000305175781
188669	46.5
188714	23.0
188801	25.0
188891	78.15003967285156
188958	24.400031089782715
189073	18.0
189188	87.44998931884766
189310	66.0
189378	24.5
189541	20.0
189619	31.75003433227539
189739	80.65001678466797
189856	66.69997024536133
189921	21.0
190018	40.0
190091	56.0
190237	73.0
190351	59.24999237060547
190442	40.500033378601074
190558	43.949981689453125
190654	32.150033950805664
190761	26.0
190871	60.5
190984	41.100029945373535
191119	57.399967193603516
191259	33.0
191358	77.89999008178711
191456	9.200032234191895
191509	55.75001907348633
191554	81.45001029968262
191596	32.80000972747803
191668	31.100028038024902
191758	19.5
191881	51.89998245239258
191967	78.15003776550293
192001	41.100032806396484
192104	67.89999771118164
192221	57.5
192347	78.29996871948242
192458	52.0
192583	75.85000610351562
192690	72.14999389648438
192757	32.60002613067627
192813	38.5
192891	62.0
192967	74.5
193072	18.0
193152	39.0
193296	62.0
193398	31.75003433227539
193521	87.50000381469727
193619	12.5
193668	20.700011253356934
193771	21.5
193865	13.0
193977	38.0
194083	89.64999389648438
194155	51.5
194207	30.5
194266	21.0
194376	68.34998321533203
194450	44.55003356933594
194600	67.74998474121094
194724	73.5
194814	56.350040435791016
